161 161 161 161 158 158 155 154 171 171 171 171 171 171 171 171 93.9999 93.9999 103 103 105 105 103 103 106 106 106 106 121 121 121 121 130 130 131 131 129 129.005 129.5 129.5 133 133 133 133 132 132 135 135 133 133 133 133 135 132.002 133.5 133.5 132 132 132 132 133 133 133 133 132 132 132 132 132 132 127 127 127.75 127.75 127.75 127.75 123 123 113 113 107 107 107 107 159 159 157.5 157.5 154 154 154 154 154.5 154.5 154.5 154.5 156 156 156 156 200 200 200 200 215 215 117 117 121 121 121 121 121 121 122 122 125 125 125 125 125.5 125.5 125 123 102.5 102.5 101 101
161 161 161 161 158 158 154.995 154 171 171 171 171 171 171 171 171 94 93.9999 103 103 105 105 103 103 106 106 106 106 121 121 121 121 130 130 131 131 130 129.995 129.5 129.5 133 133 133 133 132 132 135 135 133 133 133 133 134.998 132 133.5 133.5 132 132 132 132 133 133 133 133 132 132 132 132 132 132 127 127 127.75 127.75 127.75 127.75 123 123 113 113 107 107 107 107 159 159 157.5 157.5 154 154 154 154 154.5 154.5 154.5 154.5 156 156 156 156 200 200 200 200 215 215 117 117 121 121 121 121 121 121 122 122 125 125 125 125 125.5 125.5 126 123.99 102.5 102.5 101 101
156 156 156 156 156 156 154 154 171 171 171 171 171 171 171 171 93.9999 93.9999 103 103 105 105 103 103 103 103 103 103 119.001 122.999 121 121 128.995 129 129.5 129.5 130 130 130 130 132 132 132 132 132 132 133 133 131 131 131 131 133.5 133.5 133.5 133.5 132 132 132 132 131 131 131 131 129 129 129 129 132 132 127 127 127.75 127.75 127.75 127.75 123 123 113 113 107 107 107 107 156 155.998 156 156 154 154 154 154 154.5 154.5 154.995 154.005 154 154 154 154 200 200 206 214 217 217 115 115 121 121 121 121 121 121 122 122 125 125 125 125 125.995 125.005 124.497 124.497 100.001 105 101 101
156 156 156 156 156 156 154 154 171 171 171 171 171 171 171 171 93.9999 93.9999 103 103 105 105 103 103 103 103 103 103 119 123 121 121 128.005 128 129.5 129.5 130 130 130 130 132 132 132 132 132 132 133 133 131 131 131 131 133.5 133.5 133.5 133.5 132 132 132 132 131 131 131 131 129 129 129 129 132 132 127 127 127.75 127.75 127.75 127.75 123 123 113 113 107 107 107 107 153 153.002 156 156 154 154 154 154 154.5 154.5 155 154 154 154 154 154 200 200 186 193.999 217 217 115 115 121 121 121 121 121 121 122 122 125 125 125 125 126 125 124.497 124.497 100 104.999 101 101
159.375 159.375 159.375 159.375 164.5 164.5 160 160 171 171 171 171 171 171 171 171 89.9999 90 89.9999 89.9999 105 105 105 105 103 103 116 116 119 119 124 124 128 129 130 130 130.501 130.501 132 130 130.005 130.995 133 133 134 134 129.5 129.5 130 130 131 131 126 126 133 133 131 131 131 131 133 133 133.997 132 129.5 129.5 130.998 128.002 129 129 128 128 127 127 128 128 118 118 118 118 105 105 140 140 146 146 163 163 159 159 159 159 159 159 157 157 152 152 153 153 148 148 144 144 216 216 217 217.001 213 213 117 117 122 122 121.5 121.5 127 127 126 128 90.9999 90.9999 51.9999 51.9999 44.9999 45 49 47
159.375 159.375 159.375 159.375 164.5 164.5 160 160 171 171 171 171 171 171 171 171 89.9999 89.9999 89.9999 89.9999 105 105 105 105 103 103 116 116 119 119 124 124 128.005 129 130 130 130.501 130.501 130 131.997 130 131 133 133 134 134 129.5 129.5 130 130 131 131 126 126 133 133 131 131 131 131 133 133 134 132.003 129.5 129.5 131 128 129 129 128 128 127 127 128 128 118 118 118 118 105 105 140 140 146 146 163 163 159 159 159 159 159 159 157 157 152 152 153 153 148 148 144 144 216 216 221 220.999 213 213 117 117 122 122 121.5 121.5 127 127 126.003 127.997 90.9999 90.9999 51.9999 51.9999 44.9999 44.9999 47 48.9974
159.375 159.375 159.375 159.375 159.005 159.995 165 165 171 171 171 171 171 171 171 171 87.9999 88 87.9999 87.9999 104.003 104 105 105 103 103 116 116 119 119 123 123 128.503 128.503 130 130 129 129 129 130 129.992 129 132.497 132.497 128.005 128 133 133 135 135 126 126 126 126 133 133 131 131 131 131 129 129 129 129 129.5 129.5 129.5 129.5 127 127 126 126 127.5 127.5 128.005 128 118 118 118 118 105 105 140 140 146 146 163 163 159 159 159 159 160 160 156 156 155 155 154 154 151 151 147 147 199 199 202 202 213 213 117 117 122 122 121.995 121 133 133 133 133 90.9999 90.9999 52 51.9999 44.9999 45 53.9999 54
159.375 159.375 159.375 159.375 159 160 165 165 171 171 171 171 171 171 171 171 87.9999 87.9999 87.9999 87.9999 105.997 106 105 105 103 103 116 116 119 119 123 123 128.503 128.503 130 130 129 129 129.995 129 130 131 132.497 132.497 128.995 129 133 133 135 135 126 126 126 126 133 133 131 131 131 131 129 129 129 129 129.5 129.5 129.5 129.5 127 127 126 126 127.5 127.5 128.995 129 118 118 118 118 105 105 140 140 146 146 163 163 159 159 159 159 160 160 156 156 155 155 154 154 151 151 147 147 199 199 202 202 213 213 117 117 122 122 122 121.005 133 133 133 133 91 90.9999 51.9999 51.9999 44.9999 44.9999 53.9999 53.9999
162 162 159 159 164 164 164 164 160 160 158 158 114 114 114 114 86.9999 86.9999 97 97 106 106 102 102 104 104 114 114 123.5 123.5 123.995 124 126 126 129 129 124 124 126.002 128.998 130 130 130 130 131 131 129 130 127 127 127 127 124 124 124 124 127.5 127.5 127.5 127.5 118 118 128 128 127.5 127.5 128 127.005 128 128 128 128 127 126 126.5 126.5 126 123 117 117 108 108 114 114 150 150 150 150 158 158 156 156 155 155 157 157 153 153 153 153 152 152 152 152 168 191 165.5 165.5 224 224 224 224 117 117 120.5 120.5 129 129 134 134 44 43.9999 43.9999 43.9999 52 51.9999 47.9999 47.9999
162 162 159 159 164 164 164 164 160 160 158 158 114 114 114 114 86.9999 87 97 97 106 106 102 102 104 104 114 114 123.5 123.5 123.005 123 126 126 129 129 124 124 126 129 130 130 130 130 131 131 129.005 129.995 127 127 127 127 124 124 124 124 127.5 127.5 127.5 127.5 118 118 128 128 127.5 127.5 127.995 127 128 128 128 128 126.995 126.005 126.5 126.5 125.009 122 117 117 108 108 114 114 150 150 150 150 158 158 156 156 155 155 157 157 153 153 153 153 152 152 152 152 140 163 165.5 165.5 224 224 224 224 117 117 120.5 120.5 129 129 134 134 43.9999 43.9999 43.9999 43.9999 51.9999 51.9999 47.9999 48
162 162 159 159 158 158 158 158 161 161 159 159 114 114 114 114 86.9999 86.9999 97 97 106 106 102 102 106 106 110 110 123.5 123.5 123.5 123.5 124 124 127 127 124 124.002 128 128 130 130 130 130 131 131 129 129 127 127 127 127 156 156 156 156 127.5 127.5 127.5 127.5 118 118 128 128 127 127 127 127 128 128 128 128 127 127 127 127 124 124.002 117 117 115 108.987 124 124 145 145 145 145 158 158 156 156 155 155 157 157 153 153 153 153 152 152 152 152 141 141 141 141 224 224 224 224 117 117 115 126 129 129 134 134 49.9999 49.9999 49.9999 49.9999 50.4975 50.4975 46.9949 46
162 162 159 159 158 158 158 158 161 161 159 159 114 114 114 114 86.9999 86.9999 97 97 106 106 102 102 106 106 110 110 123.5 123.5 123.5 123.5 124 124 127 127 126 125.997 128 128 130 130 130 130 131 131 129 129 127 127 127 127 156 156 156 156 127.5 127.5 127.5 127.5 118 118 128 128 127 127 127 127 128 128 128 128 127 127 127 127 124.002 124.002 117 117 114 108 124 124 145 145 145 145 158 158 156 156 155 155 157 157 153 153 153 153 152 152 152 152 141 141 141 141 224 224 224 224 117 117 115 126 129 129 134 134 50 49.9999 49.9999 49.9999 50.4975 50.4975 46 47
160 160 161 161 109 109 140 140 136.25 136.25 136.25 136.25 146.5 146.5 113 113 81 81 81 81 104 105 101 101 105 105 114 114 120 120 120 120 124 124 124 124 129 129 129 129 133 133 125 125 128 128 126 126 145 145 143 143 148 148 148 148 179 179 185 182.004 183 183.995 180.5 180.5 123 123 123 123 129 129 126 126 126 126 124 124 119 119 112 112 107 107 107 107 139 139 145 145 147.003 148.997 154 154 151 151 152 152 142 142 142 142 141 141 141 141 141 141 138 138 215 215 215 215 192 192 89.9999 90 46.9999 46.9999 47.9998 47.9998 47.249 47.249 47.249 47.249 45 44.9998 44.9998 44.9998
160 160 161 161 109 109 140 140 136.25 136.25 136.25 136.25 146.5 146.5 113 113 81 81 81 81 104 104.995 101 101 105 105 114 114 120 120 120 120 124 124 124 124 129 129 129 129 133 133 125 125 128 128 126 126 145 145 143 143 148 148 148 148 179 179 173 170 183.005 184 180.5 180.5 123 123 123 123 129 129 126 126 126 126 124 124 119 119 112 112 107 107 107 107 139 139 145 145 147 149 154 154 151 151 152 152 142 142 142 142 141 141 141 141 141 141 138 138 215 215 215 215 192 192 89.9999 89.9999 46.9999 47 48 47.9998 47.249 47.249 47.249 47.249 44.9998 44.9998 44.9998 44.9998
163 163 167.999 163 109 109 140 140 136.25 136.25 136.25 136.25 165 158 143 113 81 81 81 81 104.497 104.497 101 101 105 105 114.997 115 120 120 120 120 122 122 122 122 129 129 129 129 133 133 125 125 128 128 126 126 142 142 144 144 148 148 148 148 177.499 177.499 176 176 178 178 186 186 203 203 203 203 129 129 126 126 120 120 122 122 119 119 114 110.001 109 106 105.999 105.999 138 138 144 144 152 152 146 146 151 151 152 152 142 142 142 142 142 140 141 141 141 141 138 138 167 167 154 154 147 147 44.9999 44.9999 46.9999 46.9999 47.9998 47.9998 47.249 47.249 47.249 47.249 44.9998 44.9998 44.9998 44.9998
163 163 168 163.001 109 109 140 140 136.25 136.25 136.25 136.25 164.999 158.001 143 113 81 81 81 81 104.497 104.497 101 101 105 105 113.003 113 120 120 120 120 122 122 122 122 129 129 129 129 133 133 125 125 128 128 126 126 142 142 144 144 148 148 148 148 177.499 177.499 176 176 178 178 186 186 203 203 203 203 129 129 126 126 120 120 122 122 119 119 113.999 110 105.997 103 105.999 105.999 138 138 144 144 152 152 146 146 151 151 152 152 142 142 142 142 141.997 140.002 141 141 141 141 138 138 141 141 154 154 147 147 44.9999 45 46.9999 46.9999 47.9998 47.9998 47.249 47.249 47.249 47.249 44.9998 44.9998 44.9998 44.9998
150.5 150.5 162 139 124 124 137 137 166.5 166.5 164 164 165 165 142 142 76.9999 76.9999 87.5 87.5 99.9999 99.9999 99.9999 99.9999 102 102 107 107 116 116 118 118 115 115 115 115 125 125 125 125 113 113 113 113 129.5 129.5 129.5 129.5 137 137 138 138 136 136 151 151 160.5 160.5 177 185 186 186 190.5 190.5 196.5 196.5 196.995 196.005 193 193 193 193 117 117 117 117 117 113.001 115 115 102 102 107 107 152 152 152 152 145 145 139 139 143.5 143.5 147 140 145 145 145 145 141.5 141.5 141.995 141 144 144 144 144 94.9998 94.9998 213 185 51.9999 51.9999 43.9999 44 48.4999 48.4999 48.4999 48.4999 55.9999 55.9999 44.9999 44.9999 63.9999 63.9999 63.9999 63.9999
150.5 150.5 162 139 124 124 137 137 166.5 166.5 164 164 165 165 142 142 76.9999 77 87.5 87.5 99.9999 99.9999 99.9999 99.9999 102 102 107 107 116 116 118 118 115 115 115 115 125 125 125 125 113 113 113 113 129.5 129.5 129.5 129.5 137 137 138 138 136 136 151 151 160.5 160.5 177.001 184.999 186 186 190.5 190.5 196.5 196.5 197 196 193 193 193 193 117 117 117 117 116.999 113 115 115 102 102 107 107 152 152 152 152 145 145 139 139 143.5 143.5 146.999 140.001 145 145 145 145 141.5 141.5 142 141.005 144 144 144 144 94.9998 94.9998 193 165 51.9999 51.9999 43.9999 43.9999 48.4999 48.4999 48.4999 48.4999 55.9999 55.9999 44.9999 45 63.9999 63.9999 63.9999 63.9999
149 149 149 149 124 124 137 137 158.001 168 167 167.005 163 163 144 144 77.9999 78 89 88.9949 99.9999 99.9999 99.9999 99.9999 99 98.9999 110 110 116 116 118 118 115 115 115 115 121 121 121 121 113 113 113 113 129.5 129.5 128.002 128 137 137 138 138 136 136 151 151 157 157 174 181 186.005 187 191 191 196 196 196 196 201.5 201.5 203.999 199 117 117 117 117 115 115 115 115 118 118 123 123 154.5 154.5 155 154 145 145 139 139 143.5 143.5 143.5 143.5 145 145 145 145 145 145 145 145 144 144 144 144 160 160 65.9999 65.9999 44.9999 45 52.9999 53 48.4999 48.4999 48.4999 48.4999 56 55.9999 44.9999 44.9999 64 63.9999 63.9999 63.9999
149 149 149 149 124 124 137 137 158 168 168 167.995 163 163 144 144 77.9999 77.9999 88 88.005 99.9999 99.9999 100 99.9999 98.9999 98.9999 110 110 116 116 118 118 115 115 115 115 121 121 121 121 113 113 113 113 129.5 129.5 130.998 131 137 137 138 138 136 136 151 151 157 157 174.001 180.999 186 186.995 191 191 196 196 196 196 201.5 201.5 204 199.001 117 117 117 117 115 115 115 115 118 118 123 123 154.5 154.5 154.995 154.005 145 145 139 139 143.5 143.5 143.5 143.5 145 145 145 145 145 145 145 145 144 144 144 144 160 160 66 65.9999 44.9999 44.9999 52.9999 52.9999 48.4999 48.4999 48.4999 48.4999 55.9999 55.9999 44.9999 44.9999 63.9999 63.9999 63.9999 63.9999
138 138 89.9999 89.9999 87.9975 86.0025 109 109 159.998 159.998 167 167 159.002 159.002 110 110 81.9999 81.9999 90.001 95 99 99 100 100 98.9999 98.9999 105.001 111 116 116 120 120 117 117 117 117 109 109 109 109 116 116 116 116 127.5 127.5 127.5 127.5 138 138 138 138 140 140 140 140 169 169 169 169 175 175 175 175 204 204 210 210 209 209 207 207 234 234 165 165 91 90.9999 98.9999 98.9999 94.9999 94.9999 117 117 153 153 153.997 154 99.9999 99.9999 99.9999 99.9999 85 84.9999 107.5 107.5 146.5 146.5 145 145 143 143 144 144 144 144 157 157 48.9999 48.9999 51.9999 51.9999 54.9999 54.9999 53.9998 53.9998 53.9999 53.9999 53.9999 53.9999 45.9999 46 97.5 97.5 149 149 149 149
138 138 89.9999 89.9999 88 86 109 109 159.998 159.998 167 167 159.002 159.002 110 110 82 81.9999 90 94.999 99 99 100 100 98.9999 98.9999 105 111 116 116 120 120 117 117 117 117 109 109 109 109 116 116 116 116 127.5 127.5 127.5 127.5 138 138 138 138 140 140 140 140 169 169 169 169 175 175 175 175 204 204 210 210 209 209 207 207 234 234 165 165 90.9999 90.9999 98.9999 99 94.9999 95 117 117 153 153 152.003 152 99.9999 99.9999 99.9999 100 84.9999 84.9999 107.5 107.5 146.5 146.5 145 145 143 143 144 144 144 144 157 157 48.9999 48.9999 51.9999 51.9999 54.9999 55 53.9998 53.9998 53.9999 53.9999 53.9999 53.9999 45.9999 45.9999 97.5 97.5 149 149 149 149
138 138 89.9999 90 87.9999 87.9999 108 108 155.994 166 167 167 162.006 154 110 110 80 79 92.9999 92.9999 99 99 100 100 99 99 108 108 113 113 117 117 117 117 117 117 109 109 109 109 118 118 118 118 127.5 127.5 127.005 127 138 138 138 138 140 140 140 140 169 169 169 169 175 175 175 175 202 202 208 208 206 206 208 208 184 184 215 215 90.9999 90.9999 98.9999 98.9999 89.9999 89.9999 122 122 153 153 153 153 124 124 140 108 84.9999 84.9999 99 116 145 147.998 145 145 143 143 144 144 144 144 157 157 48.9999 48.9999 51.9999 51.9999 52.9999 52.9999 54 53.9999 53.9999 53.9999 53.9999 53.9999 45.9999 45.9999 73 122 149 149 149 149
138 138 89.9999 89.9999 88 87.9999 108 108 154 164 167 167 164 156 110 110 79.9917 81 93 92.9999 99 99 100 100 99 99 108 108 113 113 117 117 117 117 117 117 109 109 109 109 118 118 118 118 127.5 127.5 127.995 128 138 138 138 138 140 140 140 140 169 169 169 169 175 175 175 175 202 202 208 208 206 206 208 208 184 184 215 215 90.9999 90.9999 98.9999 98.9999 89.9999 90 122 122 153 153 153 153 124 124 140 108 84.9999 84.9999 99.0003 116 145.002 148 145 145 143 143 144 144 144 144 157 157 48.9999 49 51.9999 52 53 52.9999 53.9999 53.9999 53.9999 53.9999 53.9999 53.9999 45.9999 45.9999 73 122 149 149 149 149
91 85 91.005 92 86.9999 86.9999 86.9999 86.9999 162 162 163 163 164 164 137 110 81.9999 81.9999 91 94.9987 98.9999 98.9999 98.9999 98.9999 98.9999 98.9999 105 105 120 120 120 120 113 113 113 113 115 115 115 115 118 117.998 119 119 128 128 131.001 138.999 142 142 140 144 164.5 164.5 164.5 164.5 144 144 144 144 190 190 190 190 198 198 198 198 201 201 201 201 204 204 204 204 215 215 215 215 80 79.9999 69.5 69.5 154 154 154 154 153 152 111.5 111.5 43.9999 43.9999 43.9999 43.9999 90.5 90.5 149 148.998 145 145 145 145 148 141.001 144.5 144.5 54.9999 54.9999 54.9999 54.9999 55 54.9999 47.9999 47.9999 53.9999 53.9999 53.9999 53.9999 140.5 140.5 140.5 140.5 140.5 140.5 140.5 140.5
90.9991 85.0008 91 91.9949 86.9999 87 86.9999 86.9999 162 162 163 163 164 164 137 110 81.9999 81.9999 91.0012 95 98.9999 98.9999 98.9999 99 98.9999 98.9999 105 105 120 120 120 120 113 113 113 113 115 115 115 115 115 115.002 119 119 128 128 131 139 142 142 140.001 143.999 164.5 164.5 164.5 164.5 144 144 144 144 190 190 190 190 198 198 198 198 201 201 201 201 204 204 204 204 215 215 215 215 79.9999 79.9999 69.5 69.5 154 154 154 154 152.995 152.005 111.5 111.5 43.9999 43.9999 43.9999 43.9999 90.5 90.5 146 146.002 145 145 145 145 147.999 141 144.5 144.5 54.9999 54.9999 54.9999 54.9999 54.9999 54.9999 48 47.9999 53.9999 53.9999 53.9999 53.9999 140.5 140.5 140.5 140.5 140.5 140.5 140.5 140.5
87 87 92 92 86.9999 86.9999 86.9999 86.9999 162 162 163 163 155 155 132.5 132.5 82 81.9999 93 93 98.9999 98.9999 98.9999 98.9999 99 98.9999 105 105 116.997 117 116 116 104 104 104 104 111 111 111 111 113 113 119 119 128 128 135 135 142 142 142 142 164.5 164.5 164.5 164.5 144 144 144 144 190 190 190 190 203 203 203 203 204 204 204 204 204 204 204 204 215 215 215 215 59.0003 59 89 88.9996 154 154 154 154 152 152 111 111 43.0024 43 43.9999 44 80 83.9987 139 139 137 137 153 153 144.5 144.5 144.5 144.5 54.9999 54.9999 54.9999 54.9999 52.9999 52.9999 49.9998 49.9998 53.9999 54 53.9999 53.9999 140.5 140.5 145 144.999 140.5 140.5 140.5 140.5
87 87 92 92 86.9999 86.9999 86.9999 86.9999 162 162 163 163 155 155 132.5 132.5 81.9999 81.9999 93 93 98.9999 99 98.9999 98.9999 98.9999 98.9999 105 105 115.002 115 116 116 104 104 104 104 111 111 111 111 113 113 119 119 128 128 135 135 142 142 142 142 164.5 164.5 164.5 164.5 144 144 144 144 190 190 190 190 203 203 203 203 204 204 204 204 204 204 204 204 215 215 215 215 75.9997 76 75 75.0003 154 154 154 154 152 152 111 111 44.9974 45 43.9999 43.9999 80.0012 84 139 139 137 137 153 153 144.5 144.5 144.5 144.5 54.9999 55 54.9999 54.9999 52.9999 53 49.9998 49.9998 53.9999 53.9999 53.9999 53.9999 140.5 140.5 136 136.001 140.5 140.5 140.5 140.5
93 92.9983 91.5 91.5 83.9999 84 109 109 163 163 163 163 138 138 138 138 87 87 85.0012 88.9987 98 98 98 98 106 106 99.4991 99.4991 112 112 96.9999 96.9999 188 188 99.9999 99.9999 112 112 110.001 110 123 123 128 128 122 122 122 122 128 128 128 128 179 179 188 188 179 179 190 190 178 178 196 196 197 197 197 197 204 204 202 199.995 200 200 200 200 206 206 206 206 137 137 99.9999 99.9999 148.5 148.5 153 153 153 153 140 140 65 45.0002 42.9999 42.9999 221 221 221 221 208 223 207 207 125 125 125 125 54.9999 54.9999 55 54.9999 53.9999 53.9999 55.9999 55.9999 52.4999 52.4999 52.4999 52.4999 153 153 161 161 157 157 157 157
90 90.0017 91.5 91.5 83.9999 83.9999 109 109 163 163 163 163 138 138 138 138 87 87 85 89 98 98 98 98 106 106 99.4991 99.4991 112 112 97 96.9999 188 188 99.9999 99.9999 112 112 113.999 114 123 123 128 128 122 122 122 122 128 128 128 128 179 179 188 188 179 179 190 190 178 178 196 196 197 197 197 197 204 204 198 204 200 200 200 200 206 206 206 206 137 137 99.9999 99.9999 148.5 148.5 153 153 153 153 140 140 64.9998 45 43 42.9999 221 221 221 221 208 223 207 207 125 125 125 125 55 54.9999 54.9999 54.9999 54 53.9999 55.9999 55.9999 52.4999 52.4999 52.4999 52.4999 153 153 161 161 157 157 157 157
91.5 91.5 91.5 91.5 93 92.9999 103 133 163 163 163 163 138 138 138 138 93.9999 93.9999 93.9999 93.9999 98.005 99 98.4999 98.4999 99 98.9999 107.998 105 112 112 96.9999 96.9999 188 188 99.9999 99.9999 117 117 117 117 123 123 128 128 123.999 120 122 122 128 128 128 128 178 178 169 169 179 179 190 190 189.998 187 185.5 185.5 198 198 198 198 201.998 201.998 205 205 200 200 200 200 206 206 206 206 137 137 99.9999 99.9999 137 152 157 157 153 153 140 140 171 171 151 215 221 221 221 221 209 209 238 238 125 125 125 125 47.9999 47.9999 47.9999 47.9999 53.9999 53.9999 55.9999 55.9999 52.4999 52.4999 52.4999 52.4999 153 153 161 161 157 157 157 157
91.5 91.5 91.5 91.5 92.9999 92.9999 103 133 163 163 163 163 138 138 138 138 93.9999 93.9999 93.9999 94 98 98.9949 98.4999 98.4999 98.9999 98.9999 105 108 112 112 96.9999 96.9999 188 188 100 99.9999 117 117 117 117 123 123 128 128 124 120.001 122 122 128 128 128 128 178 178 169 169 179 179 190 190 190 187.002 185.5 185.5 198 198 198 198 201.998 201.998 205 205 200 200 200 200 206 206 206 206 137 137 99.9999 100 137 152 157 157 153 153 140 140 171 171 151 215 221 221 221 221 209 209 238 238 125 125 125 125 47.9999 47.9999 48 47.9999 53.9999 53.9999 56 55.9999 52.4999 52.4999 52.4999 52.4999 153 153 161 161 157 157 157 157
98.9999 98.9999 98 98 94.9999 95 133 133 171 171 171 171 143 143 143 143 80.9999 80.9999 80.9999 80.9999 102 102 102 102 105 105 105 105 114 114 187 187 102 102 101 101 101 101 108.5 108.5 121 121 125.999 121 137 137 137 137 152 152 153 153 165 165 168 168 173 173 180 180 184 184 167 167 176 176 191 191 196 196 196 196 201 201 201 201 200 200 200 200 173.25 173.25 173.25 173.25 145 145 155 155 155 149 157 157 202.5 202.5 210 210 205 205 205 205 212 212 212 212 29.9998 30 51.9999 51.9999 50.9999 50.9999 50.9999 50.9999 53.9999 53.9999 45 44.9999 147 147 147 147 160 160 158 157.995 156 156 155 155
98.9999 98.9999 98 98 94.9999 94.9999 133 133 171 171 171 171 143 143 143 143 81 80.9999 80.9999 80.9999 102 102 102 102 105 105 105 105 114 114 187 187 102 102 101 101 101 101 108.5 108.5 121 121 126 121.001 137 137 137 137 152 152 153 153 165 165 168 168 173 173 180 180 184 184 167 167 176 176 191 191 196 196 196 196 201 201 201 201 200 200 200 200 173.25 173.25 173.25 173.25 145 145 155 155 154.999 149.001 157 157 202.5 202.5 210 210 205 205 205 205 212 212 212 212 29.9998 29.9998 51.9999 51.9999 50.9999 51 50.9999 50.9999 53.9999 53.9999 44.9999 44.9999 147 147 147 147 160 160 157 157.005 156 156 155 155
99 98.9999 98 98 99 96 108 108.002 171 171 171 171 143 143 143 143 78.9999 79 78.9999 78.9999 102 102 102 102 105 105 105 105 114 114 187 187 127 127 105 105 101 101 108 108.005 118 118 120.5 120.5 137 137 137 137 156 148 153 153 165 165 168 168 173 173 180 180 158 158 172 172.001 176 176 191 191 196 196 196 196 201 201 201 201 192 192 192 192 173.25 173.25 173.25 173.25 197 170 173.5 173.5 197 197 202 202 194 194 212 209 202 202 202 202.003 233 233 233 233 29.9998 29.9998 51.9999 51.9999 50.9999 50.9999 50.9999 50.9999 53.9999 53.9999 44.9999 44.9999 147 147 147 147 160 160 158 158 156 156 155 155
98.9999 98.9999 98 98 98.0101 97 111 110.998 171 171 171 171 143 143 143 143 78.9999 78.9999 78.9999 78.9999 102 102 102 102 105 105 105 105 114 114 187 187 127 127 105 105 101 101 109 108.995 118 118 120.5 120.5 137 137 137 137 155.999 148.001 153 153 165 165 168 168 173 173 180 180 158 158 178 177.999 176 176 191 191 196 196 196 196 201 201 201 201 192 192 192 192 173.25 173.25 173.25 173.25 197 170 173.5 173.5 197 197 202 202 210 210 211.998 209.002 201 201.005 204 203.997 233 233 233 233 29.9998 29.9998 51.9999 52 50.9999 50.9999 50.9999 50.9999 54 53.9999 44.9999 44.9999 147 147 147 147 160 160 158 158 156 156 155 155
98.9999 98.9999 98.9999 99 101 100.997 100 100 173 173 173 173 145 145 145 145 80.9987 80.9987 93.5 93.5 98.5 98.5 98.5 98.5 103 103 103 103 97.0005 105.999 198 186 111 111 111 111 105 105 106 106 122 122 127 127 143.502 143.502 137 137 153 153 147 159 166 166 166 166 171.5 171.5 171.5 171.5 173 173 170.5 170.5 168 168 168 168 185 185 185 185 190 190 188 188 192 192 156 156 183 183 183 183 189 189 199 199 204 204 207 207 200 200 198 198 205.005 205 186 186 174 174 59.9999 59.9999 57 44.0003 50 49.9999 46.4997 46.4997 51.9999 52 59 58.9999 58.9999 58.9999 160.5 160.5 161 161 158 158 158 158 157 157 154 154
98.9999 98.9999 98.9999 98.9999 99 99.0025 100 100 173 173 173 173 145 145 145 145 80.9987 80.9987 93.5 93.5 98.5 98.5 98.5 98.5 103 103 103 103 97 106 198 186 111 111 111 111 105 105 106 106 122 122 127 127 143.502 143.502 137 137 153 153 147 159 166 166 166 166 171.5 171.5 171.5 171.5 173 173 170.5 170.5 168 168 168 168 185 185 185 185 190 190 188 188 192 192 156 156 183 183 183 183 189 189 199 199 204 204 207 207 200 200 198 198 205.995 206 186 186 174 174 59.9999 59.9999 56.9996 44 49.9999 49.9999 46.4997 46.4997 51.9999 51.9999 58.9999 58.9999 58.9999 58.9999 160.5 160.5 161 161 158 158 158 158 157 157 154 154
98.9999 98.9999 99 98.9999 100 100 100 100 173 173 173 173 145 145 145 145 81.9974 80 92.0017 95 98.5 98.5 98 98.005 103 103 103 103 101.5 101.5 192 192 111 111 111 111 105 105 106 106 124 124 125 125 144 144 137 137 153 153 153 153 166 166 166 166 171.5 171.5 179 179 169 169 167.998 165.002 168 168 168 168 185 185 185 185 190 190 188 188 192 192 156 156 187 187 187 187 189 189 199 199 204 204 207 207 199 199 204 204 205 205 186.5 186.5 197 164.999 59.9999 59.9999 42.9999 42.9999 43.4998 43.4998 44.9999 44.9999 53 52.999 58.9999 58.9999 58.9999 58.9999 158 161 159 159 158 158 158 158 157 157 154 154
98.9999 98.9999 98.9999 98.9999 100 100 100 100 173 173 173 173 145 145 145 145 82 80 92 94.9983 98.5 98.5 99 98.9949 103 103 103 103 101.5 101.5 192 192 111 111 111 111 105 105 106 106 124 124 125 125 143 143.005 137 137 153 153 153 153 166 166 166 166 171.5 171.5 164 164 169 169 168 165 168 168 168 168 185 185 185 185 190 190 188 188 192 192 156 156 187 187 187 187 189 189 199 199 204 204 207 207 199 199 204 204 205 205 186.5 186.5 151 183 59.9999 60 43 42.9999 43.4998 43.4998 45 44.9999 48 48.001 58.9999 58.9999 58.9999 58.9999 158.002 160.998 159 159 158 158 158 158 157 157 154 154
96.9999 96.9999 96.9999 96.9999 137 137 137 137 168 168 171 171 172 172 172 172 74.9999 74.9999 96.9999 96.9999 97.9999 97.9999 97.9999 97.9999 99.9999 100 99 99 180 180 180 180 154 154 154 154 108 108 125 125 145 145 136 136 143 143 143 143 134.5 134.5 142 142 142 142 161.999 158.001 151 151 151 151 123 123 123 123 164 164 164 164 167 167 103 103 174 174 174 174 166 166 182.999 174 197.502 197.502 193 193 189.005 189.995 189.5 189.5 201 201 201 201 201 201 211 211 155.001 155 162 162 160 160 160 160 49.9999 49.9999 49.9999 49.9999 48.9999 48.9999 68.9999 68.9999 157.5 157.5 146 146 160 160 157 157 158 158 156 156 156 156 157 157
97 96.9999 96.9999 96.9999 137 137 137 137 168 168 171 171 172 172 172 172 74.9999 74.9999 96.9999 97 97.9999 98 97.9999 97.9999 99.9999 99.9999 99 99 180 180 180 180 154 154 154 154 108 108 125 125 145 145 136 136 143 143 143 143 134.5 134.5 142 142 142 142 162 158 151 151 151 151 123 123 123 123 164 164 164 164 167 167 103 103 174 174 174 174 166 166 183 174.001 197.502 197.502 193 193 189 190 189.5 189.5 201 201 201 201 201 201 211 211 163.999 164 162 162 160 160 160 160 49.9999 49.9999 49.9999 50 48.9999 49 69 68.9999 157.5 157.5 146 146 160 160 157 157 158 158 156 156 156 156 157 157
98.9999 98.9999 98.9999 98.9999 114 114 114 114 169 169 172 172 172 172 172 172 74.9999 74.9999 96.9999 96.9999 97.9999 97.9999 97.9999 97.9999 99.9999 99.9999 99 99 180 180 180 180 154 154 154 154 113 113 120 120 136 136 145 145 143 143 143 143 132.998 130 139 139 140 140 158 158 151 151 151 151 123 123 123 123 153 153 153 153 167 167 103 103 124 124 124 124 175 175 169.5 169.5 200 197 193 193 189.5 189.5 189.5 189.5 202 202 202 202 203 203.005 208.5 208.5 159.5 159.5 162 162 160 160 160 160 58.9999 58.9999 58.9999 59 72.9999 72.9999 93 92.9999 145 145 158 159 159 159 156 156 157 156.995 156 156 157 156.995 156.5 156.5
99 98.9999 98.9999 98.9999 114 114 114 114 169 169 172 172 172 172 172 172 74.9999 75 96.9999 96.9999 97.9999 97.9999 97.9999 97.9999 99.9999 99.9999 99 99 180 180 180 180 154 154 154 154 113 113 120 120 136 136 145 145 143 143 143 143 133 130.002 139 139 140 140 158 158 151 151 151 151 123 123 123 123 153 153 153 153 167 167 103 103 124 124 124 124 175 175 169.5 169.5 195 198.005 193 193 189.5 189.5 189.5 189.5 202 202 202 202 204 203.995 208.5 208.5 159.5 159.5 162 162 160 160 160 160 58.9999 58.9999 58.9999 58.9999 72.9999 72.9999 92.9999 92.9999 145 145 158.005 158.995 159 159 156 156 156 156.005 156 156 156 156.005 156.5 156.5
99 99 99 99 128.5 128.5 128.5 128.5 170 170 171 171 152 152 152 152 94.9999 94.9999 94.9999 94.9999 88.9999 88.9999 88.9999 88.9999 97.9999 97.9999 97.9999 97.9999 78.9999 78.9999 78.9999 78.9999 170 170 127 127 144 144 118 118 120 120 135 139 137 137 132.002 134.998 136 136 136 136 90.9999 90.9999 139 139 78.9999 78.9999 90.9999 90.9999 111 164 114.999 114.999 71.9999 71.9999 71.9999 71.9999 87 86.9999 54.9999 54.9999 49 48.9999 69.9999 69.9999 192 192 192 192 196 196 196 196 196 200 198 198 202.003 204 171 171 83.9999 83.9999 83.9999 83.9999 81 123 102 102 33.9998 33.9998 50.9999 50.9999 54 54 54 54 46 92 152 152 152.75 152.75 152.75 152.75 159 159 159 159 156 156 155 155 155 155 155 155
99 99 99 99 128.5 128.5 128.5 128.5 170 170 171 171 152 152 152 152 94.9999 94.9999 94.9999 95 88.9999 88.9999 88.9999 88.9999 97.9999 97.9999 97.9999 97.9999 78.9999 78.9999 78.9999 78.9999 170 170 127 127 144 144 118 118 120 120 135.001 138.999 137 137 132 135 136 136 136 136 90.9999 90.9999 139 139 78.9999 78.9999 90.9999 91 111 164 114.999 114.999 71.9999 71.9999 72 71.9999 86.9999 86.9999 54.9999 55 48.9999 48.9999 69.9999 69.9999 192 192 192 192 196 196 196 196 196.001 199.999 198 198 202 203.997 171 171 83.9999 83.9999 83.9999 83.9999 81 123 102 102 33.9998 34 50.9999 51 54 54 54 54 46 91.9999 152 152 152.75 152.75 152.75 152.75 159 159 159 159 156 156 155 155 155 155 155 155
99 99 102 96 128.5 128.5 118 139 170 170 171 171 117 117 117 117 94.9999 94.9999 94.9999 94.9999 88.9999 88.9999 88.9999 88.9999 97.9999 97.9999 97.9999 97.9999 78.9999 78.9999 78.9999 78.9999 173 173 130 130 130 130 132 132 137 137 120 120 127 127 130.5 130.5 141 141 141 141 130 130 81.9999 81.9999 54.9999 54.9999 67 66.9999 116.999 112 97 93 71.9999 71.9999 71.9999 71.9999 74.9999 74.9999 155 155 162 162 183 183 192 192 192 192 193 193 193 193 198 198 198 198 203 203 171 171 83.9999 84 83.9999 83.9999 194 194 194 194 33.9998 33.9998 50.9999 50.9999 51.0008 51 54 54 77 76.9999 148 148 152.75 152.75 152.75 152.75 159 159 159 159 156 156 155 155 155 155 155 155
99 99 101.999 96.0008 128.5 128.5 118 139 170 170 171 171 117 117 117 117 94.9999 94.9999 94.9999 94.9999 88.9999 88.9999 88.9999 88.9999 98 97.9999 97.9999 97.9999 78.9999 79 78.9999 78.9999 173 173 130 130 130 130 132 132 137 137 120 120 127 127 130.5 130.5 141 141 141 141 130 130 82 81.9999 54.9999 55 66.9999 66.9999 117 112.001 90.9976 87 71.9999 71.9999 71.9999 71.9999 74.9999 75 138 138 162 162 183 183 192 192 192 192 193 193 193 193 198 198 198 198 203 203 171 171 83.9999 83.9999 83.9999 83.9999 194 194 194 194 33.9998 33.9998 50.9999 50.9999 56.9991 57 54 54 76.9999 76.9999 148 148 152.75 152.75 152.75 152.75 159 159 159 159 156 156 155 155 155 155 155 155
104 104 104 104 101.003 103 111 111 170 170 171 171 171 171 171 171 74.9999 74.9999 84.9999 84.9999 96 96 95.9999 95.9999 104 104 104 104 195.5 195.5 213 213 208.251 208.251 208.251 208.251 117.5 117.5 125 125 119.5 119.5 124 124 125.005 126 121 130 90.9999 90.9999 90.9999 90.9999 65.9999 65.9999 65.9999 66 58.9999 58.9999 51.9999 51.9999 107 107 91.9999 91.9999 43.9999 43.9999 44 43.9999 190 190 138 138 181.999 178.001 182 182 186 186 186 186 189 189 189 189 138 138 138 138 157.5 157.5 146 146 166.989 170 50.9999 50.9999 30.9998 30.9998 30.9998 30.9998 54 54 54 54 47 51.999 103 103 134 134 134 134 165 165 163.5 163.5 162 162 159 159 155 155 155 155 156 156 156 156
104 104 104 104 101 102.997 111 111 170 170 171 171 171 171 171 171 74.9999 75 84.9999 84.9999 96 96 95.9999 95.9999 104 104 104 104 195.5 195.5 213 213 208.251 208.251 208.251 208.251 117.5 117.5 125 125 119.5 119.5 124 124 125 125.995 121.001 129.999 90.9999 90.9999 90.9999 90.9999 65.9999 65.9999 65.9999 65.9999 59 58.9999 51.9999 51.9999 107 107 91.9999 91.9999 43.9999 43.9999 43.9999 43.9999 190 190 138 138 182 178 182 182 186 186 186 186 189 189 189 189 138 138 138 138 157.5 157.5 169 169 169 166 50.9999 50.9999 30.9998 31 30.9998 30.9998 54 54 54 54 47.001 52 103 103 134 134 134 134 165 165 163.5 163.5 162 162 159 159 155 155 155 155 156 156 156 156
104 104 104 104 102 102 111 111 170 170 171 171 173.999 168.001 171 171 74.9999 74.9999 84.9999 84.9999 94.9999 94.9999 96.9999 96.9999 104 104 104 104 106 106 82 94.9996 208.251 208.251 208.251 208.251 113 122 132 118 112 127 124 124 123 123 123 123 91 90.9999 90.9999 90.9999 65.9999 65.9999 65.9999 65.9999 58.9999 58.9999 51.9999 52 50.9999 50.9999 65.9999 65.9999 127.5 127.5 109 146 190 190 138 138 180 180 182 182 183 183 183 183 189 189 189 189 60 59.9999 59.9999 59.9999 157.5 157.5 157.5 157.5 167.996 167.996 50.9999 50.9999 30.9998 30.9998 30.9998 30.9998 54 54 54 54 49.5 49.5 103 103 126 142 134 134 165 165 164 163.005 163 162 159.5 159.5 158 158 158 158 156 156 156 156
104 104 104 104 102 102 111 111 170 170 171 171 174 168 171 171 74.9999 74.9999 85 84.9999 95 94.9999 96.9999 97 104 104 104 104 106 106 82.0004 95 208.251 208.251 208.251 208.251 113.001 121.999 132 118 112 127 124 124 123 123 123 123 90.9999 90.9999 90.9999 90.9999 65.9999 65.9999 65.9999 65.9999 58.9999 58.9999 51.9999 51.9999 50.9999 51 65.9999 66 127.5 127.5 109 146 190 190 138 138 180 180 182 182 183 183 183 183 189 189 189 189 59.9999 59.9999 59.9999 59.9999 157.5 157.5 157.5 157.5 167.996 167.996 51 50.9999 30.9998 30.9998 30.9998 30.9998 54 54 54 54 49.5 49.5 103 103 126 142 134 134 165 165 163.995 163 162.995 162.005 159.5 159.5 158 158 158 158 156 156 156 156
103 103 103 103 100 100 100 100 153 153 173 173 137 137 153 121 80.9999 80.9999 93.9999 93.9999 95 96 96.5033 96.5033 99.9999 99.9999 105 105 111 111 107 90.0003 222 222 204 204 122.999 122.999 116.001 116 123 123 123.002 123.002 119 119 105 105 82.9999 82.9999 82.9999 82.9999 73.9999 73.9999 73.9999 73.9999 46.9998 46.9998 46.9998 46.9998 67.9999 68 67.9999 67.9999 99.7499 99.7499 99.7499 99.7499 185 185 171 171 163 163 163 163 175 175 199 199 194 194 194.5 194.5 102 102 61.0001 98 97.9999 97.9999 169 169 49.5 49.5 49.5 49.5 54.9999 54.9999 54.9999 55 45.9998 46 45.9998 45.9998 109.25 109.25 109.25 109.25 167 167 167 167 163 163 163 163 162 162 162 162 158.5 158.5 158 158 155 155 152 152
103 103 103 103 100 100 100 100 153 153 173 173 137 137 153 121 80.9999 80.9999 93.9999 93.9999 97.0101 98 96.5033 96.5033 99.9999 99.9999 105 105 111 111 107 90 222 222 204 204 122.999 123 116.001 116.001 123 123 123.002 123.002 119 119 105 105 82.9999 82.9999 82.9999 82.9999 73.9999 73.9999 73.9999 73.9999 46.9998 46.9998 47 46.9998 67.9999 67.9999 67.9999 67.9999 99.7499 99.7499 99.7499 99.7499 185 185 171 171 163 163 163 163 175 175 199 199 194 194 194.5 194.5 102 102 61 97.9999 97.9999 97.9999 169 169 49.5 49.5 49.5 49.5 54.9999 54.9999 54.9999 54.9999 45.9998 45.9998 45.9998 45.9998 109.25 109.25 109.25 109.25 167 167 167 167 163 163 163 163 162 162 162 162 158.5 158.5 158 158 155 155 152 152
103 103 103 103 101 101 101 101 153 153 172.003 174 153 153 153 153 80.9999 80.9999 93.9999 93.9999 96.5033 96.5033 96.5033 96.5033 98.9999 98.9999 104 104 111 111 98.5 98.5 221.999 221.999 203.999 203.999 107 113.012 117.001 117.001 128.999 119 128.007 130 60.9997 61 65 64.9999 82.9999 82.9999 82.9999 82.9999 73.9999 73.9999 73.9999 73.9999 44.9999 44.9999 44.9999 45 117 117 117 117 99.7499 99.7499 99.7499 99.7499 189 189 167 167 163 163 164 163.997 175 175 199 199 204 204 200 206.999 127 127 44.9999 45 97.9999 98 169 169 54.9995 44 49.5 49.5 62.9999 62.9999 62.9999 62.9999 44.9999 45 44.9999 44.9999 109.25 109.25 109.25 109.25 167 167 167 167 163 163 163 163 163 163 163 163 160 159.005 157 157 155 155 152 152
103 103 103 103 101 101 101 101 153 153 172 173.997 153 153 153 153 81 80.9999 93.9999 94 96.5033 96.5033 96.5033 96.5033 99 98.9999 104 104 111 111 98.5 98.5 221.999 221.999 203.999 203.999 106 114 117.001 117 129 119 114 116 41.0002 41 64.9999 64.9999 82.9999 82.9999 82.9999 82.9999 74 73.9999 73.9999 73.9999 44.9999 44.9999 44.9999 44.9999 117 117 117 117 99.7499 99.7499 99.7499 99.7499 189 189 167 167 163 163 162 162.003 175 175 199 199 204 204 200.001 207 127 127 44.9999 44.9999 97.9999 97.9999 169 169 55 44.0004 49.5 49.5 62.9999 62.9999 63 62.9999 44.9999 44.9999 44.9999 44.9999 109.25 109.25 109.25 109.25 167 167 167 167 163 163 163 163 163 163 163 163 159.995 159 157 157 155 155 152 152
101 101 101 101 99 98.9999 98.9999 98.9999 154 168 172 172 175 175 155 126 76.9999 76.9999 91.9999 91.9999 101.25 101.25 101.25 101.25 101 101 102 102 128 128 111.001 111 198 198 198 198 120 120 122 122 83.9999 83.9999 84 83.9999 56.9999 56.9999 56.9999 56.9999 45.9999 45.9999 51.9999 51.9999 48.9998 48.9998 68.9973 64 84 83.9999 128 128 145 145 189 189 171 171 174 174 119.5 119.5 119.5 119.5 175 175 175 175 200 200 200 200 203 203 212 212 149 149 52.9999 52.9999 165 165 165 165 64 63.9999 63.9999 63.9999 73.4999 73.4999 73.4999 73.4999 52.9999 52.9999 42.9998 42.9998 144 144 163 163 161.999 152 162 162 155 155 156 156 150 150 146 146 159 159 159 159 156 156 156 156
101 101 101 101 98.9999 98.9999 98.9999 98.9999 154 168 172 172 175 175 155 126 76.9999 77 91.9999 91.9999 101.25 101.25 101.25 101.25 101 101 102 102 128 128 117.999 118 198 198 198 198 120 120 122 122 83.9999 83.9999 83.9999 83.9999 56.9999 56.9999 56.9999 56.9999 45.9999 45.9999 52 51.9999 48.9998 48.9998 94 89 83.9999 83.9999 128 128 145 145 189 189 171 171 174 174 119.5 119.5 119.5 119.5 175 175 175 175 200 200 200 200 203 203 212 212 149 149 52.9999 53 165 165 165 165 63.9999 63.9999 63.9999 63.9999 73.4999 73.4999 73.4999 73.4999 52.9999 52.9999 42.9998 42.9998 144 144 163 163 162 152 162 162 155 155 156 156 150 150 146 146 159 159 159 159 156 156 156 156
101 101 101 101 98.9999 98.9999 98.9999 98.9999 161 161 172 172 175 175 140.5 140.5 84 78.0008 95.9999 96 101.25 101.25 101.25 101.25 101 101 102 102 116.995 116.005 126 126 114 114 114 114 133 133 131 131 83.9999 83.9999 83.9999 83.9999 56.9999 56.9999 56.9999 57 45.9999 45.9999 51.9999 51.9999 48.9999 49 78.9992 78.9992 93.9999 94 138 138 145 145 189 189 180 180 177 177 119.5 119.5 119.5 119.5 175 175 175 175 204 204 204 204 203 203 212 212 178 178 81.9999 81.9999 165 165 165 165 63.9999 63.9999 63.9999 63.9999 73.4999 73.4999 73.4999 73.4999 52.9999 52.9999 43 42.9998 151 151 156 156 161.003 163 157 157 155 155 156 156 145 145 149 149 143 143 143 143 155 155 155 155
101 101 101 101 98.9999 98.9999 98.9999 98.9999 161 161 172 172 175 175 140.5 140.5 83.9992 78 95.9999 95.9999 101.25 101.25 101.25 101.25 101 101 102 102 117 116 126 126 114 114 114 114 133 133 131 131 83.9999 83.9999 83.9999 83.9999 56.9999 56.9999 56.9999 56.9999 45.9999 46 51.9999 51.9999 48.9999 48.9999 78.9992 78.9992 93.9999 93.9999 138 138 145 145 189 189 180 180 177 177 119.5 119.5 119.5 119.5 175 175 175 175 204 204 204 204 203 203 212 212 178 178 81.9999 81.9999 165 165 165 165 63.9999 63.9999 63.9999 63.9999 73.4999 73.4999 73.4999 73.4999 53 52.9999 42.9998 42.9998 151 151 156 156 161 162.997 157 157 155 155 156 156 145 145 149 149 143 143 143 143 155 155 155 155
101 101 99.005 99.9949 98.9993 92 127 127 164.25 164.25 164.25 164.25 154 154 154 154 75.9999 76 93.9999 93.9999 103 103 103 103 113 113 113 113 116 116 154 154 68.9999 68.9999 125 125 127 127 127 127 87.9999 87.9999 93.9999 94 56.9999 56.9999 56.9999 56.9999 47.9999 47.9999 54.9999 54.9999 54 74 61.9999 62 184 184 184 184 163 163 165 165 186 186 186 186 107 107 129 129 182 182 177 177 176 176 196 196 199 199 209 209 202 202 73.9999 74 42 41.9949 131.5 131.5 149 149 63.9999 63.9999 60.9999 60.9999 47.9999 47.9999 72.9999 72.9999 86.9999 86.9999 136 136 163 163 159.005 160 156 156 156 156 156.5 156.5 151 151 151.5 151.5 148 148 148 148 146.5 146.5 150 150
101 101 99 100 99 92.0007 127 127 164.25 164.25 164.25 164.25 154 154 154 154 75.9999 75.9999 93.9999 94 103 103 103 103 113 113 113 113 116 116 154 154 68.9999 69 45 45 127 127 127 127 87.9999 87.9999 93.9999 93.9999 56.9999 56.9999 56.9999 56.9999 47.9999 48 55 54.9999 54.0002 73.9997 61.9999 61.9999 184 184 184 184 163 163 165 165 186 186 186 186 107 107 129 129 182 182 177 177 176 176 196 196 199 199 209 209 202 202 73.9999 73.9999 41 41.005 131.5 131.5 149 149 64 63.9999 60.9999 61 48 47.9999 72.9999 72.9999 87 86.9999 136 136 163 163 159 159.995 156 156 156 156 156.5 156.5 151 151 151.5 151.5 148 148 148 148 146.5 146.5 150 150
101 101 99.5 99.5 95.5 95.5 127 127 164.25 164.25 164.25 164.25 157 157 157 157 82 81.9999 95.9999 95.9999 100.5 100.5 101 100.005 108 108 104.001 112 124 124 146 146 68.9999 68.9999 85 85 56.9999 56.9999 56.9999 56.9999 86 85.9999 79.9999 79.9999 56.9999 57 56.9999 56.9999 44.9999 45 43.9999 43.9999 40.9999 40.9999 38.9998 38.9998 184 184 184 184 186 173 194 194 151 151 151 151 95.9999 96 118 118 164 164 169 169 176 176 196 196 189 189 199 199 181 181 95 94.9999 46 45.9999 136 136 149 149 63.9999 63.9999 60.9999 60.9999 47.9999 47.9999 51.9999 51.9999 108 108 136 136 163 163 159.5 159.5 156 156 155.003 156.998 156.995 157 154 155 155 155 148 148 148 148 143 143.001 150 150
101 101 99.5 99.5 95.5 95.5 127 127 164.25 164.25 164.25 164.25 157 157 157 157 81.9999 81.9999 95.9999 96 100.5 100.5 100.995 100 108 108 104 111.999 124 124 146 146 68.9999 68.9999 85 85 56.9999 56.9999 57 56.9999 85.9999 85.9999 79.9999 80 56.9999 56.9999 56.9999 56.9999 44.9999 44.9999 43.9999 44 40.9999 40.9999 39 38.9998 184 184 184 184 186 173 194 194 151 151 151 151 95.9999 95.9999 118 118 164 164 169 169 176 176 196 196 189 189 199 199 181 181 94.9999 94.9999 45.9999 45.9999 136 136 149 149 63.9999 63.9999 60.9999 60.9999 47.9999 47.9999 52 51.9999 108 108 136 136 163 163 159.5 159.5 156 156 155 157 156.005 156 154.005 154.995 155 155 148 148 148 148 150 149.999 150 150
101 102 101.5 101.5 98 97.9999 97.9999 97.9999 171.5 171.5 176 175.995 174 174 174 174 97.4999 97.4999 97.4999 97.4999 99.9999 99.9999 99.9999 100 85.9999 85.9999 127 127 137 137 151 151 42.9998 42.9998 42.9998 42.9998 86.9983 84.0017 98.9999 99 86.0003 102 60.999 61 64.9999 65 64.9999 64.9999 42.9998 42.9998 42.9998 42.9998 70.9999 70.9999 94 160 178 178 165 165 95.9999 95.9999 49.9999 49.9999 47.9999 47.9999 62.9999 62.9999 125 42 83.5 83.5 134 134 138 138 162 188 164.5 164.5 52.9999 52.9999 52.9999 52.9999 51 50.9999 148 148 59 58.9999 50.9999 50.9999 157 157 66.9999 67 54.9999 54.9999 54.9999 55 42 99.9999 71 71 158 158 156 156 156 156 154.003 155.997 155 154.995 155 155 153 153 153 153 140.251 140.251 140.251 140.251 129.5 129.5 132 132
101.005 101.995 101.5 101.5 97.9999 97.9999 97.9999 97.9999 171.5 171.5 175 175.005 174 174 174 174 97.4999 97.4999 97.4999 97.4999 99.9999 99.9999 99.9999 99.9999 85.9999 86 127 127 137 137 151 151 42.9998 42.9998 42.9998 42.9998 87 84 98.9999 98.9999 86 102 56.001 56 64.9999 64.9999 64.9999 64.9999 42.9998 42.9998 42.9998 42.9998 70.9999 70.9999 94 160 178 178 165 165 95.9999 96 49.9999 50 47.9999 48 62.9999 62.9999 125 42 83.5 83.5 134 134 138 138 162 188 164.5 164.5 52.9999 52.9999 52.9999 52.9999 50.9999 50.9999 148 148 58.9999 58.9999 50.9999 50.9999 157 157 66.9999 66.9999 54.9999 54.9999 54.9999 54.9999 42 100 71 71 158 158 156 156 156 156 154 156 154 154.005 155 155 153 153 153 153 140.251 140.251 140.251 140.251 129.5 129.5 132 132
98 97.9999 97.9999 97.9999 78.9949 79 78.5 78.5 170 170 177 177 174 174 174 174 97.4999 97.4999 97.4999 97.4999 99.9999 99.9999 99.9999 99.9999 85.9999 85.9999 127 127 137 137 151 151 42.9998 42.9998 43 42.9998 85.5 85.5 98.9999 98.9999 79.4999 79.4999 43.9999 43.9999 69.9999 70 69.9999 69.9999 43 42.9998 42.9998 42.9998 70.9999 70.9999 127 127 178 178 199 131 70.9999 71 79.0068 55 111 111 126 126 83.5 83.5 83.5 83.5 112 112 116 116 160 160.001 152 152 52.9999 53 52.9999 52.9999 156 156 42.9999 42.9999 58.9999 58.9999 51 50.9999 157 157 66.9999 66.9999 53.9999 53.9999 53.9999 53.9999 58 141 99.5 99.5 160 159.995 158 158 152.995 153 153.5 153.5 154.5 154.5 155 155 148 148 148 148 140.251 140.251 140.251 140.251 127.001 132 132 132
97.9999 97.9999 97.9999 97.9999 78.005 78 78.5 78.5 170 170 177 177 174 174 174 174 97.4999 97.4999 97.4999 97.4999 99.9999 99.9999 99.9999 99.9999 85.9999 85.9999 127 127 137 137 151 151 42.9998 42.9998 42.9998 42.9998 85.5 85.5 98.9999 98.9999 79.4999 79.4999 44 43.9999 69.9999 69.9999 69.9999 69.9999 42.9998 42.9998 42.9998 42.9998 71 70.9999 127 127 178 178 199 131 70.9999 70.9999 81 57 111 111 126 126 83.5 83.5 83.5 83.5 112 112 116 116 165 164.999 152 152 52.9999 52.9999 52.9999 52.9999 156 156 43 42.9999 58.9999 58.9999 50.9999 50.9999 157 157 66.9999 66.9999 53.9999 53.9999 54 53.9999 58 141 99.5 99.5 159 159.005 158 158 152.005 152 153.5 153.5 154.5 154.5 155 155 148 148 148 148 140.251 140.251 140.251 140.251 127 131.999 132 132
103 103 92.9999 92.9999 86.9999 86.9999 86.9999 86.9999 179 179 179 179 183 183 147 147 89.9999 89.9999 105 105 99.9999 99.9999 99.9999 99.9999 85.9999 85.9999 127 127 74.9999 74.9999 50.5 50.5 64.7498 64.7498 64.7498 64.7498 61 61.0005 81 80.9995 91.9999 91.9999 91.9999 91.9999 46.9998 46.9998 46.9998 46.9998 49.9999 49.9999 44.9999 45 113 170 174 174 195 195 128 128 137.001 142.999 136 141.999 105 105 132 132 115 115 115 115 132.5 132.5 128.001 136 161 161 202 116 142 142 158.001 176 138 138 56 56.0002 51 50.9999 91.9999 92 177 177 52.9999 52.9999 50.9999 50.9999 50.9999 50.9999 81.75 81.75 81.75 81.75 156.875 156.875 156.875 156.875 149 149 159 158.998 148 148 148 148 134 134 142 142 137 137 188.999 188.999 148 164 156 156
103 103 92.9999 93 87 86.9999 86.9999 86.9999 179 179 179 179 183 183 147 147 90 89.9999 105 105 99.9999 99.9999 99.9999 99.9999 85.9999 85.9999 127 127 74.9999 74.9999 50.5 50.5 64.7498 64.7498 64.7498 64.7498 70 69.9994 70 70.0004 91.9999 91.9999 91.9999 91.9999 46.9998 46.9998 46.9998 46.9998 49.9999 49.9999 44.9999 44.9999 113 170 174 174 195 195 108 108 137 143 136.001 142 105 105 132 132 115 115 115 115 132.5 132.5 128 135.999 161 161 202 116 142 142 129 111 138 138 79 78.9998 50.9999 50.9999 91.9999 91.9999 177 177 52.9999 53 50.9999 51 50.9999 50.9999 81.75 81.75 81.75 81.75 156.875 156.875 156.875 156.875 149 149 156 156.002 148 148 148 148 134 134 142 142 137 137 188.999 188.999 148 164 156 156
92.9999 92.9999 82.9999 82.9999 66.9999 66.9999 66.9999 66.9999 179 179 179 179 183 183 162 132 91.9999 91.9999 103 103 99.9999 99.9999 99.9999 99.9999 137 137 75.9999 76 75 74.9999 47 54 64.7498 64.7498 64.7498 64.7498 65.5 65.5 75.5 75.5 91.9999 91.9999 91.9999 91.9999 46.9998 46.9998 47 46.9998 49.9999 49.9999 44.9999 44.9999 141.5 141.5 174 174 78 118 175 175 150 150 163 163 105 105 132 132 115 115 115 115 127 138 132 132 178 178 173 173 142 142 143.5 143.5 138 138 67.5 67.5 44 43.9999 84.9999 84.9999 178 178 51.9999 52 50.9999 50.9999 50.9999 50.9999 81.75 81.75 81.75 81.75 156.875 156.875 156.875 156.875 149 149 157.5 157.5 148 148 148 148 140 140 132 132 137 137 182 184.996 189 189 189 189
92.9999 92.9999 82.9999 83 66.9999 67 66.9999 66.9999 179 179 179 179 183 183 162 132 91.9999 91.9999 103 103 99.9999 99.9999 99.9999 99.9999 137 137 75.9999 75.9999 74.9999 74.9999 47.0007 53.9992 64.7498 64.7498 64.7498 64.7498 65.5 65.5 75.5 75.5 92 91.9999 91.9999 91.9999 46.9998 46.9998 46.9998 46.9998 50 49.9999 44.9999 44.9999 141.5 141.5 174 174 78 118 175 175 150 150 163 163 105 105 132 132 115 115 115 115 127 138 132 132 178 178 187 187 142 142 143.5 143.5 138 138 67.5 67.5 43.9999 43.9999 84.9999 84.9999 178 178 51.9999 51.9999 50.9999 50.9999 50.9999 50.9999 81.75 81.75 81.75 81.75 156.875 156.875 156.875 156.875 149 149 157.5 157.5 148 148 148 148 140 140 132 132 137 137 196 193 189 189 189 189
88.005 88.9949 88.5 88.5 78 63.0003 85 85 175 175 175 175 182 182 182 182 79.9999 79.9999 79.9999 79.9999 108 121 136 136 94.0001 122 108 108 71.0004 71 94 93.9999 70.9999 70.9999 70.9999 70.9999 91.9999 92 91.9999 91.9999 125 125 95 94.9999 58.0063 48 120.998 120.998 124 124 124 124 186 186 55.9999 55.9999 112 112 112 112 149 149 149 149 175 175 175 175 162 162 162 162 140 140 140 140 133.5 133.5 133.5 133.5 157 157 149 149 127 127 81 81 49 64.9997 52.9998 52.9998 165 165 47.9998 47.9998 49 49.0025 50 50 137 137 160 160 152 152 152 152 147.5 147.5 147.5 147.5 146 146 146 146 195 195 195 195 194 194 194 194 189 189 198 198
88 89 88.5 88.5 77.9997 63 85 85 175 175 175 175 182 182 182 182 79.9999 79.9999 79.9999 79.9999 108 121 136 136 94 122 108 108 83.9996 84 93.9999 93.9999 70.9999 71 70.9999 70.9999 91.9999 91.9999 91.9999 91.9999 125 125 94.9999 94.9999 60 46 120.998 120.998 124 124 124 124 186 186 55.9999 55.9999 112 112 112 112 149 149 149 149 175 175 175 175 162 162 162 162 140 140 140 140 133.5 133.5 133.5 133.5 157 157 149 149 127 127 81 81 49.0003 65 52.9998 52.9998 165 165 47.9998 47.9998 51 50.9974 50 50 137 137 160 160 152 152 152 152 147.5 147.5 147.5 147.5 146 146 146 146 195 195 195 195 194 194 194 194 189 189 198 198
88.5 88.5 88.5 88.5 70.5 70.5 60 110 175 175 175 175 182 182 182 182 79.9999 79.9999 79.9999 79.9999 114.5 114.5 136 136 102 102 102 102 77.5 77.5 93.9999 93.9999 70.9999 70.9999 70.9999 70.9999 91.9999 91.9999 91.9999 91.9999 52.9999 52.9999 82.9999 82.9999 135 135 44 34 192 192 192 192 186 186 55.9999 55.9999 112 112 112 112 149 149 149 149 175 175 175 175 150.499 150.499 159 145.997 140 140 140 140 133.5 133.5 133.5 133.5 157 157 149 149 130 130 100 56 47.9999 47.9999 62 61.9999 158 158 40.9999 41 41.9998 42 41.9998 41.9998 145 145 152 152 152 152 152 152 147.5 147.5 147.5 147.5 143.995 144 143.5 143.5 195 195 195 195 193 193 195 195 189 189 198 198
88.5 88.5 88.5 88.5 70.5 70.5 60 110 175 175 175 175 182 182 182 182 79.9999 80 79.9999 79.9999 114.5 114.5 136 136 102 102 102 102 77.5 77.5 93.9999 93.9999 70.9999 70.9999 70.9999 70.9999 91.9999 91.9999 91.9999 91.9999 53 52.9999 82.9999 82.9999 135 135 43.9995 34.0005 192 192 192 192 186 186 56 55.9999 112 112 112 112 149 149 149 149 175 175 175 175 150.499 150.499 155 142 140 140 140 140 133.5 133.5 133.5 133.5 157 157 149 149 130 130 99.9999 56 48 47.9999 61.9999 61.9999 158 158 40.9999 40.9999 41.9998 41.9998 41.9998 41.9998 145 145 152 152 152 152 152 152 147.5 147.5 147.5 147.5 143.005 143 143.5 143.5 195 195 195 195 193 193 195 195 189 189 198 198
76.9999 76.9999 77 76.9999 111 111 111 111 157 157 157 157 162.5 162.5 158 133 84.9999 84.9999 84.9999 84.9999 119 119 64.9999 65 98.75 98.75 98.75 98.75 96.9999 96.9999 96.9999 96.9999 57.9999 57.9999 46.5 46.5 40.9999 40.9999 78.9999 79 60.9999 61 94.9999 94.9999 120 113 55.9999 56 128 128 128 128 51.9999 51.9999 67.4998 67.4998 122 122 122 122 139 139 145 145 156 156 156 156 160 160 138 138 140 140 140 140 135 134.998 133.5 133.5 153.5 153.5 144 144 108.25 108.25 108.25 108.25 73.9999 73.9999 31.9998 31.9998 156 156 156 156 55.9999 55.9999 55.9999 55.9999 163 163 158 158 151 151 151 151 148 148 145 145 142 141.997 136 136 160 160 192 192 193 193 206 206 208 208 208 208
76.9999 77 76.9999 76.9999 111 111 111 111 157 157 157 157 162.5 162.5 158 133 85 84.9999 84.9999 84.9999 119 119 64.9999 64.9999 98.75 98.75 98.75 98.75 97 96.9999 96.9999 96.9999 57.9999 57.9999 46.5 46.5 40.9999 41 78.9999 78.9999 60.9999 60.9999 94.9999 94.9999 119.999 113.001 55.9999 55.9999 128 128 128 128 51.9999 52 67.4998 67.4998 122 122 122 122 139 139 145 145 156 156 156 156 160 160 138 138 140 140 140 140 132 132.002 133.5 133.5 153.5 153.5 144 144 108.25 108.25 108.25 108.25 73.9999 73.9999 31.9998 31.9998 156 156 156 156 55.9999 55.9999 55.9999 55.9999 163 163 158 158 151 151 151 151 148 148 145 145 140 140.003 136 136 160 160 192 192 193 193 206 206 208 208 208 208
74.9999 74.9999 75 74.9999 76.5024 76.5024 49 106 147 167 157 157 177 177 160 160 85.9999 85.9999 85.9999 85.9999 106 106 77.9999 77.9999 98.75 98.75 98.75 98.75 86.9999 87 86.9999 86.9999 57.9999 58 40 53 43.9998 43.9998 75.9999 76 120 120 86 85.9999 58.4999 58.4999 114 114 128 128 128 128 56.0017 56 72.9999 72.9999 104 104.005 104.5 104.5 136.001 141.999 145 145 156 156 156 156 160 160 138 138 140 140 140 140 133.5 133.5 133.5 133.5 156.999 150 144 144 108.25 108.25 108.25 108.25 73.9999 73.9999 31.9998 32 156 156 156 156 55.9999 55.9999 55.9999 55.9999 159 159 154 154 151 151 151 151 148 148 145 145 141 141 136 136 195 195 163 163 193 193 206 206 208 208 208 208
74.9999 74.9999 74.9999 74.9999 76.5024 76.5024 47 104.007 147 167 157 157 177 177 160 160 86 85.9999 85.9999 85.9999 106 106 78 77.9999 98.75 98.75 98.75 98.75 86.9999 86.9999 86.9999 86.9999 57.9999 57.9999 40.0003 52.9996 43.9998 43.9998 75.9999 75.9999 120 120 85.9999 85.9999 58.4999 58.4999 114 114 128 128 128 128 58.9983 59 72.9999 73 105 104.995 104.5 104.5 136 142 145 145 156 156 156 156 160 160 138 138 140 140 140 140 133.5 133.5 133.5 133.5 157 150.001 144 144 108.25 108.25 108.25 108.25 73.9999 74 31.9998 31.9998 156 156 156 156 55.9999 55.9999 55.9999 55.9999 159 159 154 154 151 151 151 151 148 148 145 145 141 141 136 136 195 195 163 163 193 193 206 206 208 208 208 208
69.7496 69.7496 69.7496 69.7496 67.9999 67.9999 113 113 172 172 172 172 147.5 147.5 162 133 75.9999 75.9999 90.9999 90.9999 111 115 60.4999 60.4999 47.9999 47.9999 47.9999 47.9999 81.9999 81.9999 114 114 112 112 43.9999 43.9999 47.999 35 54 53.9999 101 101 112 112 192 192 192 192 186 186 171 171 91.9999 91.9999 78.9999 79 106 106 126 126 146 146 146 146 144.999 144.999 156 158 159 159 144 144 148 148 148 148 104 104 134 134 150 150 134 134 43.9998 43.9998 50.005 50 60 60.001 62.5 62.5 79 161 60.9999 60.9999 73.9999 73.9999 73.9999 73.9999 75.9999 75.9999 75.9999 75.9999 148 148 149 149 143 143 143 143 196.5 196.5 196.5 196.5 205 205 205 205 210 210 210 210 211 211 211 211
69.7496 69.7496 69.7496 69.7496 68 67.9999 113 113 172 172 172 172 147.5 147.5 162 133 75.9999 75.9999 90.9999 90.9999 111.001 114.999 60.4999 60.4999 47.9999 47.9999 47.9999 47.9999 81.9999 81.9999 114 114 112 112 43.9999 44 81 68 53.9999 53.9999 101 101 112 112 192 192 192 192 186 186 171 171 91.9999 91.9999 78.9999 78.9999 106 106 126 126 146 146 146 146 144.999 144.999 154 155.996 159 159 144 144 148 148 148 148 104 104 134 134 150 150 134 134 43.9998 44 50.995 51 65 64.999 62.5 62.5 79 161 60.9999 61 74 73.9999 73.9999 73.9999 75.9999 75.9999 75.9999 75.9999 148 148 149 149 143 143 143 143 196.5 196.5 196.5 196.5 205 205 205 205 210 210 210 210 211 211 211 211
69.7496 69.7496 69.7496 69.7496 72.9999 73 132 132 169 169 169 169 147.5 147.5 147.5 147.5 75.9999 75.9999 90.9999 90.9999 113 113.001 57.9999 57.9999 47.9999 48 47.9999 47.9999 81.9999 81.9999 114 114 112 112 43.9999 43.9999 57.9997 57.9997 53.9999 53.9999 101 101 87 87 192 192 192 192 40.9999 41 55.9999 55.9999 62.9999 62.9999 108 108 108 108 128 128 146 146 146 146 144 144 155 155 152 152 151 151 148 148 148 148 199 199 169 169 147.999 144 138 138 57 49.0006 59.9999 59.9999 73 75.9983 74.5 74.5 82.9999 82.9999 142 142 73.9999 73.9999 73.9999 73.9999 75.9999 75.9999 75.9999 75.9999 148 148 149 149 143 143 143 143 196.5 196.5 196.995 197 205 205 205 205 209 209 209 209 211 211 211 211
69.7496 69.7496 69.7496 69.7496 72.9999 72.9999 132 132 169 169 169 169 147.5 147.5 147.5 147.5 75.9999 76 91 90.9999 118 117.999 58 57.9999 47.9999 47.9999 47.9999 47.9999 81.9999 82 114 114 112 112 43.9999 43.9999 57.9997 57.9997 53.9999 53.9999 101 101 137 137 192 192 192 192 40.9999 40.9999 56 55.9999 62.9999 63 108 108 108 108 128 128 146 146 146 146 144 144 155 155 152 152 151 151 148 148 148 148 199 199 169 169 148 144.001 138 138 56.9994 49 59.9999 60 73.0017 76 74.5 74.5 82.9999 82.9999 142 142 73.9999 73.9999 73.9999 73.9999 75.9999 75.9999 75.9999 75.9999 148 148 149 149 143 143 143 143 196.5 196.5 196.005 196 205 205 205 205 209 209 209 209 211 211 211 211
71.9999 72 69.4992 69.4992 67.9999 67.9999 133 133 170 170 170 170 148 148 148 148 97.5 97.5 85 126 117 117 56.4999 56.4999 115 115 57 56.9999 87.9999 87.9999 87.9999 87.9999 80 80 140 140 131 131 106 106 115 115 92.9999 92.9999 110 110 37.9998 37.9998 48.9999 48.9999 48.9999 48.9999 76.9998 76.9998 76.9998 76.9998 129 129 129 129 134 134 134 134 143 143 143 143 151 151 151 151 157 157 157 157 202 202 198 163 138 138 138 138 52.3749 52.3749 52.3749 52.3749 75.5 75.5 75.5 75.5 98.9999 98.9999 106 106 147 147 156 156 149.5 149.5 150 149 148 148 144 144 145.5 145.5 145.5 145.5 131.5 131.5 190 190 208 208 208 208 208 208 211 211 210 210 212 212
71.9999 71.9999 69.4992 69.4992 67.9999 67.9999 133 133 170 170 170 170 148 148 148 148 97.5 97.5 85 126 117 117 56.4999 56.4999 115 115 56.9999 56.9999 87.9999 87.9999 87.9999 88 80 80 140 140 131 131 106 106 115 115 92.9999 92.9999 110 110 37.9998 37.9998 48.9999 49 48.9999 48.9999 76.9998 76.9998 76.9998 76.9998 129 129 129 129 134 134 134 134 143 143 143 143 151 151 151 151 157 157 157 157 202 202 198 163 138 138 138 138 52.3749 52.3749 52.3749 52.3749 75.5 75.5 75.5 75.5 98.9999 98.9999 106 106 147 147 156 156 149.5 149.5 149.995 149.005 148 148 144 144 145.5 145.5 145.5 145.5 131.5 131.5 190 190 208 208 208 208 208 208 211 211 210 210 212 212
60.9983 61 61.9999 61.9999 67.9999 68 133 133 170 170 170 170 148 148 148 148 92 91.9999 83.9999 83.9999 136 109 50.9999 50.9999 64.9999 64.9999 51.9999 51.9999 103 103 103 103 86 85.9996 140 140 131 131 106 106 115 115 92.9999 93 110 110 38 37.9998 48.9999 48.9999 48.9999 48.9999 76.9998 76.9998 76.9998 76.9998 129 129 129 129 134 134 134 134 143 143 143 143 143 143 143 143 157 157 157 157 119 119 140.5 140.5 145 145 145 145 52.3749 52.3749 52.3749 52.3749 72.0007 78.9993 75.5 75.5 88.9999 88.9999 116 116 147 147 156 156 149.5 149.5 149.5 149.5 148 148 144 144 145.5 145.5 145.5 145.5 127 127 193 193.002 208 208 208 208 208 208 211 211 210 210 212 212
58 58 62 61.9999 67.9999 67.9999 133 133 170 170 170 170 148 148 148 148 91.9999 91.9999 83.9999 84 136 109 51 50.9999 64.9999 65 51.9999 52 103 103 103 103 74 74.0004 140 140 131 131 106 106 115 115 92.9999 92.9999 110 110 37.9998 37.9998 48.9999 48.9999 48.9999 48.9999 76.9998 76.9998 76.9998 76.9998 129 129 129 129 134 134 134 134 143 143 143 143 143 143 143 143 157 157 157 157 119 119 140.5 140.5 145 145 145 145 52.3749 52.3749 52.3749 52.3749 72 79 75.5 75.5 88.9999 89 116 116 147 147 156 156 149.5 149.5 149.5 149.5 148 148 144 144 145.5 145.5 145.5 145.5 127 127 196 195.998 208 208 208 208 208 208 211 211 210 210 212 212
56 55.9999 50.9999 50.9999 60.9999 60.9999 99.9999 99.9999 156 156 156 156 181 181 140.5 140.5 88.9999 88.9999 132 132 94.9999 95 64 90.9999 41.9998 41.9998 41.9998 41.9998 87.9999 87.9999 87.9999 87.9999 84 84 71.9999 72 91 90.9999 90.9999 90.9999 114 86 100 100 40 39.9998 39.9998 39.9998 46.9999 46.9999 58 63 76.9999 76.9999 76.9999 76.9999 84 83.9999 111 111 124 124 125.5 125.5 143.995 145 139.999 139.999 129 129 128 128 132 132 132 132 150 150 128 128 48.9999 48.9999 48.9999 48.9999 49.0016 49 61 64 81.9987 78 75.9999 75.9999 74.9999 75 156 156 148 148 148 148 148.997 148.997 148.997 148.997 146 146 145 145 145 145 131 131 206.5 206.5 202 211 211 211 211 211 207.5 207.5 207.5 207.5 208 208 212 212
55.9999 55.9999 50.9999 50.9999 60.9999 60.9999 100 99.9999 156 156 156 156 181 181 140.5 140.5 88.9999 88.9999 132 132 94.9999 94.9999 64.0001 91 42 41.9998 41.9998 41.9998 87.9999 87.9999 87.9999 88 84 84 71.9999 71.9999 90.9999 90.9999 90.9999 90.9999 114 86.0001 100 100 39.9998 39.9998 39.9998 39.9998 46.9999 47 58.001 62.999 76.9999 76.9999 76.9999 77 83.9999 83.9999 111 111 124 124 125.5 125.5 142 147 139.999 139.999 129 129 128 128 132 132 132 132 150 150 128 128 48.9999 48.9999 48.9999 48.9999 51.9983 52 61.0017 63.9983 82 78 75.9999 76 74.9999 74.9999 156 156 148 148 148 148 148.997 148.997 148.997 148.997 146 146 145 145 145 145 131 131 206.5 206.5 202.001 210.999 211 211 211 211 207.5 207.5 207.5 207.5 208 208 212 212
55.9999 55.9999 50.9999 50.9999 56 55.9999 95 95 156 156 156 156 181 181 147 147 61.9999 62 105 105 94.9999 94.9999 77.5 77.5 41.9998 41.9998 41.9998 41.9998 86.9999 86.9999 86.9999 87 80.0006 87.9994 71.9999 71.9999 90.9999 90.9999 90.9999 90.9999 100 100 100 100 55 54.9999 54.9999 54.9999 56.9999 56.9999 50.4999 50.4999 76.9999 76.9999 76.9999 76.9999 83.9999 83.9999 111 111 121.999 122 128 132 137 137 144 139 129 129 128 128 132 132 132 132 150 150 128 128 48.9999 48.9999 48.9999 48.9999 50 49.9999 62 62 76.9994 76.9994 72.9999 72.9999 74.9999 74.9999 156 156 148 148 148 148 148.997 148.997 148.997 148.997 146 146 145 145 144 144 130 130 216 216 214 214.001 215 215 215 215 207.5 207.5 208.998 209 208 208 212 212
55.9999 55.9999 50.9999 51 55.9999 55.9999 95 95 156 156 156 156 181 181 134 134 61.9999 61.9999 105 105 94.9999 94.9999 77.5 77.5 41.9998 41.9998 41.9998 41.9998 86.9999 86.9999 86.9999 86.9999 80 88 71.9999 71.9999 90.9999 90.9999 90.9999 90.9999 100 100 100 100 54.9999 54.9999 54.9999 54.9999 56.9999 57 50.4999 50.4999 76.9999 76.9999 76.9999 76.9999 83.9999 83.9999 111 111 117.001 117 128.001 131.999 137 137 143.999 139 129 129 128 128 132 132 132 132 150 150 128 128 49 48.9999 48.9999 48.9999 49.9999 49.9999 62 62 76.9994 76.9994 72.9999 73 74.9999 74.9999 156 156 148 148 148 148 148.997 148.997 148.997 148.997 146 146 145 145 144 144 130 130 216 216 218 217.999 215 215 215 215 207.5 207.5 206.002 206 208 208 212 212
51 50.9999 44.9999 45 116 116 104 128 166.5 166.5 176.995 177 179 179 164 164 79.7499 79.7499 79.7499 79.7499 83.9999 83.9999 54 54 51.4999 51.4999 59.9999 59.9999 127 127 114.5 114.5 123 123 106 111 91 90.9999 156 156 53.9999 53.9999 53.9999 53.9999 53.9999 53.9999 53.9999 53.9999 73.7499 73.7499 73.7499 73.7499 62 61.9999 51.9999 51.9999 61.9986 61.9986 76.9999 76.9999 114 114 99.9999 99.9999 133.989 137 113.996 113.996 149 149 140 140 158 158 158 158 53.9999 53.9999 53.9999 54 50.9999 50.9999 50.9999 50.9999 70 70 75.0006 75 77.5 77.5 77.5 77.5 161 161 161 161 148 148 150 150 149.997 149.997 149.997 149.997 149 149 149 149 123 123 123 123 210 210 222 222 214.25 214.25 214.25 214.25 215 215 205 205 205 205 205 205
50.9999 50.9999 44.9999 44.9999 116 116 104 128 166.5 166.5 176.005 176 179 179 164 164 79.7499 79.7499 79.7499 79.7499 83.9999 84 54 54 51.4999 51.4999 59.9999 60 102 102 114.5 114.5 123 123 106.001 110.999 90.9999 90.9999 156 156 53.9999 53.9999 53.9999 53.9999 54 53.9999 53.9999 53.9999 73.7499 73.7499 73.7499 73.7499 61.9999 61.9999 52 51.9999 61.9986 61.9986 76.9999 77 114 114 99.9999 99.9999 133 136 113.996 113.996 149 149 140 140 158 158 158 158 53.9999 53.9999 53.9999 53.9999 50.9999 50.9999 50.9999 50.9999 70 70 82.9994 83 77.5 77.5 77.5 77.5 161 161 161 161 148 148 150 150 149.997 149.997 149.997 149.997 149 149 149 149 123 123 123 123 210 210 222 222 214.25 214.25 214.25 214.25 215 215 205 205 205 205 205 205
50.9999 50.9999 44.9999 44.9999 132 132 132 132 165 165 175 175 177 177 166 166 79.7499 79.7499 79.7499 79.7499 83.9999 83.9999 53.0025 53 51 72 50 49.9999 83.9999 84 83.9999 83.9999 123 123 108.5 108.5 136 136 103 103 53.9999 53.9999 53.9999 53.9999 63.0016 63 64.5 64.5 73.7499 73.7499 73.7499 73.7499 55.9999 56 57.9999 57.9999 60 64 76.9999 76.9999 114 114 99.9999 99.9999 108 108 129 129 149 149 140 140 164 164 164 164 48 48 48 48 51 50.9999 50.9999 50.9999 55.9999 56 47 46.9999 77.5 77.5 74.0007 74 161 161 161 161 148 148 150 150 149.997 149.997 150 149.992 151 151 151 151 123 123 123 123 210 210 222 222 214.25 214.25 214.25 214.25 215 215 205 205 205 205 205 205
50.9999 50.9999 44.9999 44.9999 132 132 132 132 165 165 175 175 177 177 166 166 79.7499 79.7499 79.7499 79.7499 83.9999 83.9999 54.9974 55 51.0002 71.9997 49.9999 49.9999 83.9999 83.9999 83.9999 83.9999 123 123 108.5 108.5 136 136 103 103 53.9999 53.9999 54 53.9999 65.9983 66 64.5 64.5 73.7499 73.7499 73.7499 73.7499 55.9999 55.9999 57.9999 57.9999 62 61.9957 76.9999 76.9999 114 114 99.9999 100 108 108 129 129 149 149 140 140 164 164 164 164 48 48 48 48 50.9999 50.9999 50.9999 50.9999 55.9999 55.9999 46.9999 46.9999 77.5 77.5 80.9993 81 161 161 161 161 148 148 150 150 149.997 149.997 151 149 151 151 151 151 123 123 123 123 210 210 222 222 214.25 214.25 214.25 214.25 215 215 205 205 205 205 205 205
122.25 122.25 122.25 122.25 61.9999 61.9999 124.999 125 144 144 172 172 174 174 164 118 119 119 136 102 73.9999 74 73.9999 73.9999 55.9999 55.9999 49 42.0007 101.5 101.5 85 85.0001 96.9999 96.9999 114 114 98.9999 98.9999 83.9999 83.9999 47.9999 48 127 127 72.9999 72.9999 41.9998 41.9998 51.9999 52 47.9999 47.9999 49 48.9999 57.9999 57.9999 53.9999 53.9999 53.9999 53.9999 112.5 112.5 77.9999 78 127 127 127 127 156.5 156.5 156.995 157 162 162 155 155.001 189 189 189 189 46.9998 46.9998 46.9998 46.9998 56 55.9999 52.501 52.501 72.4992 72.4992 72.4992 72.4992 71 70.9975 70 70 143 143 143 143 124 124 124 124 146.998 147 140.995 141 138 138 138 138 206 206 209 209 208.5 208.5 208.5 208.5 94.4999 94.4999 94.4999 94.4999 76.9999 76.9999 85.9999 85.9999
122.25 122.25 122.25 122.25 61.9999 61.9999 118.001 118 144 144 172 172 174 174 164 118 119 119 136 102 73.9999 73.9999 73.9999 73.9999 55.9999 56 48.9993 42 101.5 101.5 118 118 96.9999 97 114 114 98.9999 98.9999 84 83.9999 47.9999 47.9999 127 127 72.9999 73 42 41.9998 51.9999 51.9999 47.9999 47.9999 48.9999 48.9999 57.9999 58 53.9999 53.9999 53.9999 53.9999 112.5 112.5 77.9999 77.9999 127 127 127 127 156.5 156.5 156.005 156 162 162 164 163.999 189 189 189 189 46.9998 46.9998 46.9998 46.9998 55.9999 55.9999 52.501 52.501 72.4992 72.4992 72.4992 72.4992 69 69.0025 70 70 143 143 143 143 124 124 124 124 144.002 144 140.005 140 138 138 138 138 206 206 209 209 208.5 208.5 208.5 208.5 94.4999 94.4999 94.4999 94.4999 76.9999 76.9999 85.9999 85.9999
122.25 122.25 122.25 122.25 61.9999 61.9999 121.5 121.5 144 144 172 172 174 174 141 141 119 119 119 119 73.9999 73.9999 73.9999 73.9999 70.9999 70.9999 60.5 60.5 101.5 101.5 101.5 101.5 119 119 114 114 98.9999 98.9999 83.9999 83.9999 128 128 47 46.9999 72.9999 72.9999 41.9998 41.9998 51.9999 51.9999 47.9999 47.9999 52.9999 53 54 53.9999 53.9999 53.9999 54 53.9999 104 121 77.9999 77.9999 127 127 127 127 156.5 156.5 156.5 156.5 148 148 150.5 150.5 189 189 189 189 46.9998 46.9998 47 46.9998 34.9998 34.9998 59 92 72.4992 72.4992 72.4992 72.4992 74 73.9999 73.9999 73.9999 143 143 143 143 124 124 124 124 99.9999 99.9999 105 105 111 111 111 111 211 211 203.003 205 208.5 208.5 209 208.995 94.4999 94.4999 94.4999 94.4999 76.9999 76.9999 85.9999 85.9999
122.25 122.25 122.25 122.25 61.9999 62 121.5 121.5 144 144 172 172 174 174 141 141 119 119 119 119 73.9999 73.9999 73.9999 73.9999 70.9999 71 60.5 60.5 101.5 101.5 101.5 101.5 143 143 114 114 99 98.9999 83.9999 83.9999 128 128 46.9999 46.9999 72.9999 72.9999 41.9998 41.9998 51.9999 51.9999 48 47.9999 52.9999 52.9999 53.9999 53.9999 53.9999 53.9999 53.9999 53.9999 104 121 77.9999 77.9999 127 127 127 127 156.5 156.5 156.5 156.5 148 148 150.5 150.5 189 189 189 189 46.9998 46.9998 46.9998 46.9998 35 34.9998 55 88.0032 72.4992 72.4992 72.4992 72.4992 73.9999 73.9999 73.9999 73.9999 143 143 143 143 124 124 124 124 100 99.9999 105 105 111 111 111 111 211 211 203 204.997 208.5 208.5 208 208.005 94.4999 94.4999 94.4999 94.4999 76.9999 77 85.9999 86
136 136 136 136 77.9999 77.9999 77.9999 77.9999 132 132 169 169 171 179 175 175 137 137 137 137 41.9998 41.9998 41.9998 41.9998 26 25.9997 25.9997 25.9997 58.9999 58.9999 113 113 120 120 92.9999 92.9999 104 104 136 136 99.9999 99.9999 99.9999 99.9999 60 60 50.9999 50.9999 57.5 57.5 57.5 57.5 59.4998 59.4998 59.4998 59.4998 92 92 61.9999 61.9999 115 115 115 115 126.003 128 137 137 151.5 151.5 151.5 151.5 162 162 170 170 190 189.998 188.5 188.5 199.002 201.998 205 205 35.9998 36 95.9998 95.9998 76 76 74 77.9987 71.9999 71.9999 71.9999 71.9999 146 146 140 140 130 130 114 114 99.7499 99.7499 99.7499 99.7499 98 97.9999 97.9999 97.9999 187 187 209.002 209 165 165 165 165 80.9999 80.9999 82.9993 76 94.9999 94.9999 94.9999 94.9999
136 136 136 136 77.9999 77.9999 77.9999 78 132 132 169 169 171.001 178.999 175 175 137 137 137 137 42 41.9998 41.9998 41.9998 25.9997 25.9997 25.9997 25.9997 59 58.9999 75 75 120 120 92.9999 93 104 104 136 136 99.9999 100 99.9999 99.9999 60 60 50.9999 50.9999 57.5 57.5 57.5 57.5 59.4998 59.4998 59.4998 59.4998 92 92 61.9999 61.9999 115 115 115 115 126 127.997 137 137 151.5 151.5 151.5 151.5 162 162 170 170 187 187.002 188.5 188.5 199 202 205 205 35.9998 35.9998 95.9998 95.9998 76 76 74.0012 78 71.9999 71.9999 71.9999 71.9999 146 146 140 140 130 130 114 114 99.7499 99.7499 99.7499 99.7499 97.9999 97.9999 97.9999 97.9999 187 187 211.998 212 165 165 165 165 80.9999 81 83 76.0007 94.9999 95 94.9999 94.9999
136 136 136 136 77.9999 77.9999 77.9999 77.9999 132 132 169 169 175 175 175 175 154 154 154 154 41.9998 41.9998 41.9998 41.9998 25.9997 25.9997 25.9997 25.9997 58.9999 58.9999 94 94 65 65.0005 96.5 96.5 104 104 136 136 99.9999 99.9999 99.9999 99.9999 80 40 50.9999 50.9999 59.999 55.001 57.5 57.5 59.4998 59.4998 54 65 75.0001 109 61.9999 62 122 122 122 122 127 127 137 137 151.5 151.5 151.5 151.5 162 162 170 170 175 175 175 175 200.5 200.5 205 205 209 209 149 149 68.9983 68.9983 70 67.9948 71.9999 71.9999 71.9999 71.9999 150 150 144 144 130 130 114 114 99.7499 99.7499 99.7499 99.7499 97.9999 97.9999 97.9999 97.9999 212 212 213 213 165 165 165 165 94.9999 94.9999 90.999 86 103 103 103 103
136 136 136 136 77.9999 77.9999 77.9999 77.9999 132 132 169 169 175 175 175 175 154 154 154 154 41.9998 41.9998 41.9998 41.9998 25.9997 25.9997 25.9997 25.9997 58.9999 58.9999 94 94 74 73.9994 96.5 96.5 104 104 136 136 99.9999 99.9999 99.9999 99.9999 79.9999 40 51 50.9999 60 55 57.5 57.5 59.4998 59.4998 54 64.9994 75 109 61.9999 61.9999 122 122 122 122 127 127 137 137 151.5 151.5 151.5 151.5 162 162 170 170 175 175 175 175 200.5 200.5 205 205 209 209 149 149 68.9983 68.9983 66 72 71.9999 71.9999 71.9999 71.9999 150 150 144 144 130 130 114 114 99.7499 99.7499 99.7499 99.7499 97.9999 97.9999 97.9999 97.9999 212 212 213 213 165 165 165 165 95 94.9999 91 86.001 103 103 103 103
37.9998 37.9998 162 162 154 154 57.9999 57.9999 134 134 177 177 161 161 159 159.001 82.9999 82.9999 41 40.9999 56.2499 56.2499 56.2499 56.2499 46.9999 46.9999 102 102 81.9999 81.9999 81.9999 81.9999 70.9993 64 67.5 67.5 96.9999 96.9999 109 121 107 107 107 107 39.9998 39.9998 40 39.9998 68.9999 68.9999 47 46.9999 54.9998 54.9998 59.9992 60 69 69 69 69 98 97.9999 135 135 132 133.997 139 139 136 136 136 136 153 153 153 153 175 175 180 180 189 189 204 204 206 206 206 206 104.25 104.25 104.25 104.25 48.9999 48.9999 149 149 147 145.003 146 146 138 138 138 138 131 131 128 128 202.75 202.75 202.75 202.75 213 213 211 211 175 175 170.5 170.5 109 109 109 109 104 104 105 105
38 37.9998 162 162 154 154 58 57.9999 134 134 177 177 161 161 163 162.999 82.9999 83 40.9999 40.9999 56.2499 56.2499 56.2499 56.2499 47 46.9999 102 102 81.9999 81.9999 81.9999 81.9999 71 64.0007 67.5 67.5 96.9999 97 109 121 107 107 107 107 39.9998 39.9998 39.9998 39.9998 68.9999 68.9999 46.9999 46.9999 54.9998 54.9998 54.0008 54 69 69 69 69 97.9999 97.9999 135 135 132.003 134 139 139 136 136 136 136 153 153 153 153 175 175 180 180 189 189 204 204 206 206 206 206 104.25 104.25 104.25 104.25 49 48.9999 149 149 146.997 145 146 146 138 138 138 138 131 131 128 128 202.75 202.75 202.75 202.75 213 213 211 211 175 175 170.5 170.5 109 109 109 109 89 89.0003 105 105
35.0002 54.9997 169 169 169 143 55.9999 56 134 134 177 177 169 169 169 169 77.9999 77.9999 45.9998 45.9998 56.2499 56.2499 56.2499 56.2499 51.9998 51.9998 107 107 81.9999 81.9999 81.9999 82 60.9999 60.9999 60.9999 60.9999 111 111 101 101 107 107 107 107 39.9998 39.9998 39.9998 39.9998 71 70.9999 48.9999 48.9999 62 61.9999 49.9999 49.9999 69 69 87 51 96 96 133 133 139 139 133 133 136 136 136 136 148 148 148 148 171.997 172 176 176 186 186 198 198 208 211 209.497 209.497 104.25 104.25 104.25 104.25 48.9999 48.9999 149 149 148.999 145 147 147 138 138 138 138 131 131 128 128 202.75 202.75 202.75 202.75 213 213 211 211 107 90.0003 95 94.9975 109 109 109 109 96.9999 96.9999 101 101
35 55 169 169 169 143 55.9999 55.9999 134 134 177 177 169 169 169 169 77.9999 78 45.9998 45.9998 56.2499 56.2499 56.2499 56.2499 51.9998 51.9998 107 107 81.9999 81.9999 81.9999 81.9999 60.9999 61 60.9999 60.9999 111 111 101 101 107 107 107 107 39.9998 39.9998 39.9998 39.9998 70.9999 70.9999 49 48.9999 61.9999 61.9999 50 49.9999 69 69 86.9999 51 96 96 133 133 139 139 133 133 136 136 136 136 148 148 148 148 170.003 170 176 176 186 186 198 198 208.99 210 209.497 209.497 104.25 104.25 104.25 104.25 48.9999 48.9999 149 149 149 145.001 147 147 138 138 138 138 131 131 128 128 202.75 202.75 202.75 202.75 213 213 211 211 107 90 93 93.0025 109 109 109 109 97 96.9999 101 101
30.9998 30.9998 131.5 131.5 172 172 47.9999 47.9999 131 131 131 131 181 181 181 181 64.9999 64.9999 56.9999 57 45.9999 45.9999 45.9999 45.9999 95.9999 95.9999 95.9999 95.9999 50 49.9999 49.9999 49.9999 55.5 55.5 55.5 55.5 130 130 130 130 139 139 139 139 39.9998 39.9998 40 39.9998 63 57.0008 50.9999 51 82.9999 82.9999 82.9999 83 128 128 84.9999 84.9999 128 128 133 133 141 141 138 138 138 138 141 141 159 159 159.997 160 159 159 170 170 185 185 194 194 207 207 211 211 89.9999 89.9999 95 73.9998 149 149 149 149 145.998 145.998 145.998 145.998 139 138 138.502 138.502 125 125 119 175 207 207 211.5 211.5 122 122 122 122 99.9999 99.9999 99 99 114 114 96 96 103.875 103.875 103.875 103.875
30.9998 30.9998 131.5 131.5 172 172 47.9999 48 131 131 131 131 181 181 181 181 64.9999 64.9999 56.9999 56.9999 45.9999 45.9999 45.9999 46 95.9999 96 95.9999 95.9999 49.9999 49.9999 49.9999 49.9999 55.5 55.5 55.5 55.5 130 130 130 130 139 139 139 139 39.9998 39.9998 39.9998 39.9998 62.9991 57 50.9999 50.9999 82.9999 82.9999 82.9999 82.9999 128 128 84.9999 84.9999 128 128 133 133 141 141 138 138 138 138 141 141 159 159 158.003 158 159 159 170 170 185 185 194 194 207 207 211 211 89.9999 89.9999 148 21 149 149 149 149 145.998 145.998 145.998 145.998 138.005 139 138.502 138.502 125 125 119 175 207 207 211.5 211.5 122 122 122 122 100 99.9999 99 99 114 114 96 96 103.875 103.875 103.875 103.875
30.9998 30.9998 98 165 151 151 69 68.9999 125 125 125 125 172 172.002 173.5 173.5 64.9999 65 56.9999 56.9999 64.5 64.5 56 73 72.9983 73 71.5 71.5 49.9999 49.9999 49.9999 49.9999 58 57.999 55.5 55.5 130 130 130 130 146 146 146 146 105 105 105 105 83.9999 83.9999 55.9999 56 92.9999 92.9999 92.9999 92.9999 128 128 85 84.9999 128 128 133 133 141 141 138 138 138 138 141 141 159 159 159 159 159 159 170 170 185 185 191.001 196.999 207 207 210 211.997 213.002 215.998 220 220 145 145 145 145 145.998 145.998 145.998 145.998 138.502 138.502 138.502 138.502 125 125 147 147 207 207 207 216 116 116 116 116 99.9999 99.9999 99 99 114 114 91 101 103.875 103.875 103.875 103.875
31 30.9998 98 165 151 151 68.9999 68.9999 125 125 125 125 175 174.998 173.5 173.5 64.9999 64.9999 56.9999 56.9999 64.5 64.5 56.0002 72.9997 70.0017 70 71.5 71.5 49.9999 49.9999 49.9999 49.9999 53 53.001 55.5 55.5 130 130 130 130 146 146 146 146 105 105 105 105 83.9999 84 55.9999 55.9999 92.9999 92.9999 93 92.9999 128 128 84.9999 84.9999 128 128 133 133 141 141 138 138 138 138 141 141 159 159 159 159 159 159 170 170 185 185 191 197 207 207 210.003 212 213 216 220 220 145 145 145 145 145.998 145.998 145.998 145.998 138.502 138.502 138.502 138.502 125 125 147 147 207 207 207.001 215.999 116 116 116 116 99.9999 99.9999 99 99 114 114 91.0005 100.999 103.875 103.875 103.875 103.875
43.9998 43.9998 75.9999 75.9999 172 172 172 172 122 122 178 178 164 164 164 164 118 50 84 84 50.9999 50.9999 45.9999 45.9999 58.9999 58.9999 58.9999 58.9999 55.9999 55.9999 59 59.0025 51 69.9997 84 83.9999 123 123 123 123 160 160 160 160 49.5 49.5 49.5 49.5 78.9999 79 61 60.9999 81.9999 81.9999 81.9999 81.9999 129 113 121 121 135 135 135 135 137 137 137 137 137 137 137 137 142 142 148 148 157 157 157 157 172 172 193 193 193.5 193.5 193.5 193.5 227 227 227 227 114 114 149 149 143 143 115 115 142 142 137 133.001 142 142 131 131.001 134.5 134.5 134.5 134.5 168 168 168 168 108 108 97 96.9999 84 83.9999 83.9999 83.9999 90.001 94.999 92.5 92.5
43.9998 43.9998 76 75.9999 172 172 172 172 122 122 178 178 164 164 164 164 118 50 84 84 50.9999 50.9999 45.9999 45.9999 58.9999 58.9999 58.9999 58.9999 55.9999 55.9999 61 60.9974 51.0002 70 83.9999 83.9999 123 123 123 123 160 160 160 160 49.5 49.5 49.5 49.5 48 48 60.9999 60.9999 81.9999 81.9999 81.9999 81.9999 129 113 121 121 135 135 135 135 137 137 137 137 137 137 137 137 142 142 148 148 157 157 157 157 172 172 193 193 193.5 193.5 193.5 193.5 227 227 227 227 114 114 149 149 143 143 115 115 142 142 136.999 133 142 142 136 135.999 134.5 134.5 134.5 134.5 168 168 168 168 108 108 96.9999 96.9999 83.9999 83.9999 83.9999 83.9999 90 95 92.5 92.5
32.9998 32.9998 64.9999 64.9999 172 172 172 172 122 122 178 178 159.5 159.5 169 150 84 84 84 84 50.9999 50.9999 45.9999 45.9999 58.9999 58.9999 59 58.9999 55.9999 56 60 60 57.9999 57.9999 81.4998 81.4998 78.9999 78.9999 79 78.9999 160 160 160 160 46.0007 46 49.5 49.5 48.4999 48.4999 46 45.9999 81.9999 81.9999 81.9999 81.9999 121 121 121 121 135 135 141 141 137 137 137 137 138 136 137 137 145 145 145 145 155.997 156 155 155 176 176 189 189 193.5 193.5 193.5 193.5 216 216 216 216 124 124 79.9999 79.9999 143 143 115 115 138 138 137.001 137 138 146 144 132 131 131.001 134.5 134.5 168 168 168 168 108 108 96.9999 96.9999 83.9999 83.9999 83.9999 83.9999 102 102 102 102
32.9998 33 65 64.9999 172 172 172 172 122 122 178 178 159.5 159.5 169 150 84 84 84 84 51 50.9999 46 45.9999 58.9999 58.9999 58.9999 58.9999 55.9999 55.9999 60 60 57.9999 58 81.4998 81.4998 78.9999 78.9999 78.9999 78.9999 160 160 160 160 52.9992 53 49.5 49.5 48.4999 48.4999 45.9999 45.9999 82 81.9999 81.9999 81.9999 121 121 121 121 135 135 141 141 137 137 137 137 137.997 136.003 137 137 145 145 145 145 154.003 154 155 155 176 176 189 189 193.5 193.5 193.5 193.5 216 216 216 216 82 82 80 79.9999 143 143 115 115 138 138 140.999 141 147.001 155 144 132 138 137.999 134.5 134.5 168 168 168 168 108 108 96.9999 96.9999 83.9999 83.9999 83.9999 83.9999 102 102 102 102
37.9998 37.9998 37.9998 37.9998 95 95 131 59 112 154.005 171 171 149 149 149 149 87.9999 88 43.9999 44 53 53 44 61.9997 54.4987 54.4987 54.4987 54.4987 61 46 53.4986 53.4986 91.9999 91.9999 91.9999 91.9999 61.9999 61.9999 61.9999 62 38.9998 38.9998 38.9998 38.9998 43.9999 43.9999 45.9998 45.9998 40.9999 41 106 106 99 120 116 116 121.5 121.5 121.5 121.5 137 137 137 137 141 141 142 142 141 141 141 141 143 143 145 145 151.497 151.497 158 156.99 168 170 180 180 198 198 205 205 224 224 227 227 166 166 158.498 158.498 88.9992 83.0008 82 81.9999 61.9999 61.9999 59.9999 59.9999 148 148 148 148 149 149 149 149 105 105 75.9999 76 82.9999 82.9999 99.9999 100 93.9999 94 93.9999 93.9999 103 103 52.9999 52.9999
38 37.9998 37.9998 37.9998 95 95 131 59 109 157 171 171 149 149 149 149 87.9999 87.9999 43.9999 43.9999 53 53 44.0002 62 54.4987 54.4987 54.4987 54.4987 48.9958 58 53.4986 53.4986 91.9999 91.9999 91.9999 91.9999 61.9999 61.9999 61.9999 61.9999 38.9998 38.9998 39 38.9998 43.9999 43.9999 46 45.9998 40.9999 40.9999 106 106 99.0002 120 116 116 121.5 121.5 121.5 121.5 137 137 137 137 141 141 142 142 141 141 141 141 143 143 145 145 151.497 151.497 156 159 168.003 169.997 180 180 198 198 205 205 224 224 227 227 166 166 158.498 158.498 89 83 81.9999 81.9999 62 61.9999 60 59.9999 148 148 148 148 149 149 149 149 105 105 75.9999 75.9999 83 82.9999 99.9999 99.9999 93.9999 93.9999 93.9999 93.9999 103 103 52.9999 53
87.9999 87.9999 87.9999 87.9999 95 95 95 95 133.002 133.002 171 171 129.5 129.5 130.998 131 87.9999 87.9999 43.9999 43.9999 53.9999 53.9999 54 53.9999 54.4987 54.4987 54.4987 54.4987 53.4986 53.4986 53.4986 53.4986 91.9999 91.9999 91.9999 91.9999 61.9999 61.9999 61.9999 61.9999 40.9998 40.9998 41 40.9998 44 43.9999 45.9998 45.9998 44.9999 44.9999 110 110 68.4998 68.4998 61.9999 62 121.5 121.5 121.5 121.5 137 137 137 137 140.003 141.997 142 142 141 141 141 141 143 143 145 145 150.998 151 154.002 157 169 169 180 180 198 198 205 205 209 209 212 212 225 225 91 106 102 102.001 76.9999 77 64 64.0003 69.5 69.5 148 148 148 148 192 192 192 192 105 105 75.9999 75.9999 82.9999 82.9999 99.9999 99.9999 87 86.9999 86.9999 86.9999 90.9999 90.9999 64.9999 64.9999
87.9999 88 87.9999 87.9999 95 95 95 95 133.002 133.002 171 171 129.5 129.5 128.002 128 87.9999 87.9999 43.9999 43.9999 53.9999 53.9999 53.9999 53.9999 54.4987 54.4987 54.4987 54.4987 53.4986 53.4986 53.4986 53.4986 91.9999 91.9999 91.9999 91.9999 61.9999 61.9999 61.9999 61.9999 40.9998 40.9998 40.9998 40.9998 43.9999 43.9999 45.9998 45.9998 45 44.9999 110 110 68.4998 68.4998 61.9999 61.9999 121.5 121.5 121.5 121.5 137 137 137 137 140 142 142 142 141 141 141 141 143 143 145 145 148.002 148 154 156.998 169 169 180 180 198 198 205 205 209 209 212 212 225 225 92.9933 108 108 107.999 76.9999 76.9999 79 78.9997 69.5 69.5 148 148 148 148 192 192 192 192 105 105 75.9999 75.9999 82.9999 82.9999 100 99.9999 86.9999 86.9999 86.9999 86.9999 90.9999 90.9999 65 64.9999
94.9999 94.9999 94.9999 94.9999 119 119 156 156 163.75 163.75 163.75 163.75 182 182 182 182 67.9999 67.9999 50.9999 50.9999 60.9999 60.9999 60.9999 60.9999 53 52.9999 65 65 57.9999 57.9999 63.5 63.5 57 57 57 57 65 64.9999 101 101 67.9999 67.9999 67.9999 67.9999 38.9998 38.9998 38.9998 38.9998 78.9999 78.9999 78.9999 78.9999 115 115 92.9999 92.9999 123 123 123 123 128.75 128.75 128.75 128.75 141 141 144 144 144 144 144 144 140 140 140 140 142 142 142 142 164 164 164 164 196 196 195 196.997 207 207 207 207 96.9999 96.9999 96.9999 96.9999 109 109 96.9999 96.9999 110 110 110 110 216 216 216 216 89.9999 89.9999 89.9999 89.9999 72.9999 72.9999 72.9999 72.9999 89.9999 89.9999 89.9999 89.9999 114 114 114 114 78.9999 79 69.9999 69.9999
94.9999 94.9999 94.9999 94.9999 119 119 156 156 163.75 163.75 163.75 163.75 182 182 182 182 67.9999 68 50.9999 50.9999 60.9999 60.9999 60.9999 60.9999 52.9999 52.9999 65 65 58 57.9999 63.5 63.5 57 57 57 57 64.9999 64.9999 101 101 68 67.9999 67.9999 67.9999 38.9998 38.9998 39 38.9998 78.9999 78.9999 78.9999 79 115 115 92.9999 92.9999 123 123 123 123 128.75 128.75 128.75 128.75 141 141 144 144 144 144 144 144 140 140 140 140 142 142 142 142 164 164 164 164 196 196 195.003 197 207 207 207 207 96.9999 96.9999 97 96.9999 109 109 96.9999 97 110 110 110 110 216 216 216 216 89.9999 90 89.9999 89.9999 73 72.9999 72.9999 72.9999 89.9999 90 89.9999 89.9999 114 114 114 114 78.9999 78.9999 69.9999 69.9999
94.9999 95 94.9999 94.9999 176 176 98.9999 99 163.75 163.75 163.75 163.75 182 182 182 182 67.9999 67.9999 50.9999 51 60.9999 60.9999 60.9999 60.9999 64 64.0008 55 54.9999 63 67.999 59.9999 60 57 57 63.9996 50.0003 64.9999 64.9999 101 101 67.9999 67.9999 67.9999 67.9999 38.9998 38.9998 38.9998 38.9998 87.9999 87.9999 87.9999 87.9999 84 83.9999 124 124 125 125.002 126.5 126.5 128.75 128.75 128.75 128.75 141 141 144 144 144 144 144 144 142 142 142 142 141 142.997 142 142 158 158 158 158 187 187 187 187 197 197 197 197 100.001 100.001 126 80 109 109 96.9999 96.9999 110 110 110 110 143 143 143 143 72.9999 73 72.9999 72.9999 72.9999 72.9999 72.9999 72.9999 92 91.9999 91.9999 91.9999 114 114 114 114 78.9999 78.9999 70 69.9999
94.9999 94.9999 94.9999 94.9999 176 176 98.9999 98.9999 163.75 163.75 163.75 163.75 182 182 182 182 67.9999 67.9999 50.9999 50.9999 60.9999 61 60.9999 60.9999 70 69.9991 54.9999 54.9999 63.001 68 59.9999 59.9999 57 57 64 50 64.9999 64.9999 101 101 67.9999 67.9999 67.9999 67.9999 38.9998 38.9998 38.9998 38.9998 87.9999 87.9999 88 87.9999 83.9999 83.9999 124 124 128 127.998 126.5 126.5 128.75 128.75 128.75 128.75 141 141 144 144 144 144 144 144 142 142 142 142 141.003 143 142 142 158 158 158 158 187 187 187 187 197 197 197 197 100.001 100.001 120.002 74 109 109 96.9999 96.9999 110 110 110 110 143 143 143 143 72.9999 72.9999 72.9999 72.9999 72.9999 72.9999 72.9999 72.9999 91.9999 91.9999 91.9999 91.9999 114 114 114 114 78.9999 78.9999 69.9999 69.9999
47.9999 47.9999 47.9999 47.9999 183 183 165 165 149 149 171 171 181 181 177 176.998 58 58 52.9999 52.9999 56.9999 56.9999 56.9999 56.9999 75 48 89.5 89.5 62.9999 63 109.001 109 76.5 76.5 76.5 76.5 48.9999 48.9999 77.9999 77.9999 32.9998 32.9998 32.9998 32.9998 84.0022 84.0022 77.9999 78 104.5 104.5 104.5 104.5 124 124 126 126 132 132 132 132 136 136 136 136 138 138 142 142 140.75 140.75 140.75 140.75 146.5 146.5 143 145.998 147 147 151 151 156 156 165 165 169.001 177 182 184.998 198 198 199.5 199.5 77.9999 77.9999 77.9999 78 97.9999 98 97.9999 97.9999 117 117 119 119 119 119 119 119 142 142 142 142 98.9999 99 75.9999 76 76.9999 76.9999 121 121 120 120.005 64.9999 64.9999 55.9999 55.9999 55.9999 55.9999
47.9999 47.9999 47.9999 47.9999 183 183 165 165 149 149 171 171 181 181 174 174.002 58 58 53 52.9999 56.9999 56.9999 56.9999 56.9999 74.9999 48 89.5 89.5 62.9999 62.9999 113.999 114 76.5 76.5 76.5 76.5 49 48.9999 77.9999 77.9999 32.9998 32.9998 32.9998 32.9998 84.0022 84.0022 77.9999 77.9999 104.5 104.5 104.5 104.5 124 124 126 126 132 132 132 132 136 136 136 136 138 138 142 142 140.75 140.75 140.75 140.75 146.5 146.5 143.002 146 147 147 151 151 156 156 165 165 169 176.999 182.002 185 198 198 199.5 199.5 77.9999 77.9999 77.9999 77.9999 97.9999 97.9999 97.9999 97.9999 117 117 119 119 119 119 119 119 142 142 142 142 98.9999 98.9999 75.9999 75.9999 76.9999 77 121 121 121 120.995 64.9999 65 56 55.9999 55.9999 55.9999
47.9999 47.9999 47.9999 47.9999 183 183 165 165 149 149 171 171 181 181 175.5 175.5 57 57 53.9999 53.9999 56.9999 56.9999 56.9999 56.9999 60.9999 60.9999 71 71.0001 62.9999 62.9999 111.5 111.5 76.5 76.5 76.5 76.5 79.9999 80 46.9999 46.9999 32.9998 32.9998 32.9998 33 53 53.0002 92 104.006 104.5 104.5 104.5 104.5 123 123 127 127 132 132 132 132 136 136 136 136 136 136 141 141 140.75 140.75 140.75 140.75 146.995 146.005 144.5 144.5 147 147 151 151 156 156 165 165 173 173 183.5 183.5 196 196 201 201.995 129 129 129 129 91.9999 91.9999 91.9999 91.9999 109 109 127 127 115.001 115 119 119 142 142 142 142 98.9999 98.9999 75.9999 75.9999 80.9999 80.9999 123 127 68.9999 68.9999 68 67.9997 55.9999 55.9999 55.9999 55.9999
48 47.9999 47.9999 47.9999 183 183 165 165 149 149 171 171 181 181 175.5 175.5 57 57 53.9999 54 56.9999 56.9999 56.9999 56.9999 60.9999 61 109 109 62.9999 62.9999 111.5 111.5 76.5 76.5 76.5 76.5 79.9999 79.9999 46.9999 47 32.9998 32.9998 32.9998 32.9998 73 72.9998 94 106 104.5 104.5 104.5 104.5 123 123 127 127 132 132 132 132 136 136 136 136 136 136 141 141 140.75 140.75 140.75 140.75 147 146 144.5 144.5 147 147 151 151 156 156 165 165 173 173 183.5 183.5 196 196 201.005 202 129 129 129 129 91.9999 92 91.9999 91.9999 109 109 127 127 122.999 123 119 119 142 142 142 142 98.9999 98.9999 75.9999 75.9999 80.9999 80.9999 123.001 126.999 68.9999 69 53 53.0003 55.9999 55.9999 55.9999 55.9999
