0 161 0 0 158 0 155 154 0 0 0 0 171 0 0 0 0 0 0 0 0 0 0 0 0 0 0 0 0 0 0 0 0 0 0 0 129 0 0 0 0 0 0 0 0 0 135 0 0 0 0 0 135 0 0 0 0 0 132 0 0 0 0 0 0 0 132 0 0 132 0 0 0 0 0 0 123 0 0 0 0 0 0 0 0 0 0 0 154 0 0 0 0 0 0 0 156 0 0 0 0 0 0 0 215 0 0 0 0 0 0 0 0 0 0 0 0 0 0 0 0 0 125 123 0 0 0 0
0 0 0 0 0 0 0 154 0 0 0 0 0 0 0 0 94 0 0 0 105 0 0 0 0 106 0 0 0 0 0 0 0 130 131 0 130 0 0 0 0 0 133 0 0 132 0 0 0 0 133 0 0 132 0 0 0 0 0 0 133 0 0 0 0 0 0 0 0 0 127 0 0 0 0 0 0 0 0 0 0 0 0 0 159 0 0 0 0 0 0 0 0 0 0 0 0 156 156 0 0 0 0 0 0 0 0 0 0 0 121 0 0 0 0 0 125 0 0 0 0 0 126 0 0 0 0 101
0 0 0 0 156 0 154 0 0 0 0 0 0 0 0 0 0 0 0 0 0 0 0 0 103 0 0 0 0 0 0 0 0 129 0 0 0 0 130 0 0 0 0 0 132 0 0 133 0 0 0 0 0 0 0 0 0 0 0 0 0 131 0 0 0 0 129 0 0 0 0 0 0 0 0 0 0 0 0 0 0 0 0 0 156 0 156 0 0 0 0 0 0 0 0 0 154 0 0 0 0 0 206 214 0 0 0 0 0 0 0 0 121 0 0 122 0 0 0 0 0 0 0 0 0 105 0 0
0 156 0 0 0 0 0 0 0 0 0 0 0 0 0 0 0 0 0 103 0 0 0 103 0 0 0 0 119 123 0 0 0 128 0 0 0 130 0 0 0 0 132 0 0 0 0 0 0 0 131 0 0 0 0 0 0 0 0 0 0 0 0 0 0 0 0 0 0 0 127 0 0 0 0 0 0 0 0 113 107 0 0 0 153 0 0 0 0 0 0 0 0 0 155 154 0 0 0 0 0 0 186 0 217 0 0 115 0 0 0 0 121 0 0 0 0 0 0 0 126 125 0 0 100 0 0 0
0 0 0 0 0 0 0 0 0 0 0 0 0 0 0 0 0 90 0 0 0 0 0 0 0 0 0 116 0 0 124 0 128 129 0 0 0 0 132 130 0 0 0 0 134 0 0 0 0 0 0 0 0 0 133 0 0 0 0 0 0 0 0 132 0 0 0 0 0 0 0 0 0 0 0 0 0 0 0 0 0 0 0 140 0 0 0 0 0 0 0 0 0 0 0 0 0 0 0 0 0 148 0 0 216 0 217 0 0 0 0 0 0 0 0 0 0 0 126 128 0 0 0 0 0 45 49 47
0 0 0 0 0 0 0 160 0 0 0 0 0 0 0 0 0 0 0 0 0 0 0 0 103 0 0 0 119 0 0 0 0 129 0 130 0 0 130 0 130 131 0 133 0 0 0 0 0 0 131 0 0 0 0 0 0 0 0 0 0 0 134 0 0 0 131 128 129 0 0 0 127 0 0 128 0 0 0 0 0 105 0 0 0 0 0 163 0 0 0 0 0 0 157 0 0 152 0 0 0 0 144 0 0 0 221 0 0 0 0 0 0 0 0 0 0 0 0 0 0 0 0 0 0 0 47 0
0 0 0 0 0 0 0 0 0 0 0 0 0 0 0 0 0 88 0 0 0 104 0 0 0 0 0 0 0 0 123 0 0 0 0 0 0 0 129 130 0 129 0 0 0 128 0 133 135 0 0 126 0 126 0 0 0 0 0 0 0 0 0 0 0 0 0 0 0 0 0 0 0 0 0 128 0 0 0 0 0 0 0 0 146 0 0 0 0 0 0 159 160 0 0 156 155 0 0 0 0 0 0 0 199 0 0 0 0 0 0 117 0 122 0 121 0 0 0 133 0 0 52 0 0 45 0 54
0 0 0 0 159 160 165 0 0 0 0 0 0 0 0 0 0 0 0 0 0 106 0 0 0 0 0 0 119 0 0 0 0 0 0 0 0 129 0 129 130 131 0 0 0 129 0 0 0 0 0 0 0 0 0 0 0 0 0 0 129 0 129 0 0 0 0 0 127 0 0 126 0 0 0 129 0 0 0 0 0 0 0 0 0 0 0 0 0 0 0 0 0 0 0 0 0 0 0 154 0 151 0 0 0 0 0 0 213 0 0 0 0 0 122 0 0 0 0 0 91 0 0 0 0 0 0 0
0 0 159 0 0 0 0 0 0 0 0 158 0 0 0 114 0 0 0 0 0 106 0 0 0 0 0 114 0 0 0 124 0 0 0 129 0 0 0 0 130 0 0 0 0 0 129 130 0 0 0 0 0 0 0 0 0 0 0 0 0 0 0 0 0 0 128 0 128 0 0 0 127 126 0 0 126 123 0 0 0 0 0 0 0 150 0 0 0 0 0 0 0 0 0 157 0 0 0 0 0 152 0 0 0 191 0 0 224 0 0 0 0 117 0 0 0 0 134 0 44 0 0 0 52 0 0 0
0 0 0 0 164 0 0 0 0 0 0 0 0 0 0 0 0 87 0 0 0 0 102 0 0 104 0 0 0 0 0 123 0 0 0 0 0 124 126 129 0 0 0 0 0 131 0 0 0 0 0 0 0 0 124 0 0 0 0 0 0 0 128 0 0 0 0 127 0 0 0 0 0 0 0 0 0 122 0 0 0 108 114 0 0 0 0 0 0 158 0 0 0 0 0 0 0 0 0 0 0 0 0 0 140 163 0 0 0 0 0 0 0 0 0 0 129 0 0 0 0 0 0 0 0 0 0 48
0 0 0 0 0 0 0 0 0 161 0 0 0 0 0 0 0 0 97 0 0 0 0 0 0 0 0 0 0 0 0 0 124 0 0 0 124 0 128 0 0 0 0 0 0 0 129 0 0 127 127 0 0 0 0 0 0 0 0 0 118 0 0 0 0 0 127 0 0 0 0 128 0 0 0 0 124 0 117 0 115 0 0 0 0 145 0 0 0 0 0 0 155 0 0 0 0 0 0 153 0 0 0 0 0 141 0 0 0 0 0 0 0 0 0 0 0 0 0 0 0 0 0 0 0 0 0 46
162 0 0 0 0 158 0 0 0 0 0 159 0 0 0 0 0 0 97 0 0 0 0 0 0 106 110 0 0 0 0 0 0 0 127 0 126 0 0 0 0 0 0 0 131 0 0 0 0 0 0 0 0 0 0 156 0 0 0 0 0 0 0 0 0 0 0 127 0 0 0 0 0 127 0 0 0 0 0 0 114 108 0 124 0 0 0 0 0 0 156 0 0 0 0 0 0 0 0 0 0 0 0 0 0 0 0 0 0 0 0 0 0 0 115 126 0 0 0 0 50 0 0 0 0 0 46 47
0 0 161 0 0 0 0 0 0 0 0 0 0 0 0 0 0 0 0 0 104 105 0 0 0 0 0 0 0 0 0 0 0 0 0 0 0 0 0 0 0 0 0 0 0 0 0 0 0 0 0 0 148 0 0 0 0 179 185 0 183 0 0 0 0 0 123 0 129 0 0 0 0 0 0 0 0 0 0 0 0 0 0 0 0 0 0 0 0 0 154 0 0 0 0 0 0 0 0 0 0 0 0 0 0 0 0 0 215 0 0 0 0 0 0 90 0 0 0 0 0 0 0 0 45 0 0 0
160 0 0 0 0 0 0 0 0 0 0 0 0 0 0 113 0 0 0 0 104 0 0 0 0 0 0 0 120 0 0 0 0 0 124 0 0 0 0 0 0 0 125 0 128 0 0 0 145 0 143 0 0 0 0 0 0 0 173 170 0 184 0 0 0 0 0 0 0 0 126 0 126 0 0 124 0 119 0 0 0 107 0 0 139 0 145 0 147 149 0 0 0 0 152 0 0 0 0 0 0 0 0 0 0 0 138 0 0 0 0 0 192 0 0 0 0 47 48 0 0 0 0 0 0 0 0 0
0 0 0 163 0 0 0 0 0 0 0 0 165 158 143 0 81 0 0 0 0 0 101 0 0 0 0 115 0 0 0 0 0 0 0 0 0 0 129 0 0 0 0 0 0 0 0 0 0 142 0 0 0 0 0 0 0 0 0 176 178 0 186 0 0 0 0 0 0 0 0 0 0 0 0 0 0 0 114 0 109 106 0 0 0 0 0 0 0 0 0 0 0 0 0 0 0 0 0 0 142 140 0 0 0 141 0 0 167 0 0 0 0 0 0 0 0 0 0 0 0 0 0 0 0 0 0 0
163 0 168 0 0 109 0 140 0 0 0 0 0 0 0 113 0 81 0 0 0 0 0 0 0 105 0 113 0 0 0 0 0 0 122 0 0 0 0 0 133 0 0 0 0 0 126 0 0 0 0 0 0 0 0 0 0 0 176 0 0 0 0 0 0 0 203 0 0 0 0 0 120 0 0 0 0 0 0 110 0 103 0 0 138 0 0 0 0 0 146 0 151 0 0 0 142 0 0 0 0 0 0 0 141 0 0 0 141 0 0 0 0 0 0 45 0 0 0 0 0 0 0 0 0 0 0 0
0 0 162 0 124 0 0 0 0 0 0 0 165 0 142 0 0 0 0 0 0 0 0 0 0 0 0 0 0 0 0 118 0 0 0 0 0 0 0 0 0 0 0 0 0 0 0 0 0 0 0 138 0 0 0 0 0 0 177 185 186 0 0 0 0 0 0 0 0 0 0 0 0 117 0 0 117 0 0 0 0 0 107 0 0 0 0 0 0 145 0 0 0 0 147 140 0 0 0 0 0 0 0 141 0 0 144 0 0 0 213 0 0 0 0 44 0 0 0 0 0 0 0 0 0 0 0 0
0 0 0 139 0 0 0 137 0 0 0 164 0 0 0 0 0 77 0 0 0 0 0 0 0 102 0 0 0 0 0 0 0 0 0 0 125 0 0 0 0 0 0 0 0 0 0 0 0 0 0 0 0 0 151 0 0 0 0 0 0 0 0 0 0 0 197 196 0 0 193 0 0 0 0 0 0 113 0 0 0 102 0 0 0 0 152 0 0 0 0 139 0 0 0 0 0 0 0 0 0 0 142 0 0 0 0 0 0 0 193 165 0 0 0 0 0 0 0 0 0 0 0 45 0 0 0 0
0 0 149 0 0 0 0 0 0 168 167 0 0 0 0 0 0 78 89 0 0 0 0 0 99 0 0 0 0 0 0 0 0 0 0 0 121 0 0 0 0 0 113 0 0 0 0 128 0 137 0 0 0 0 0 0 0 0 174 181 0 187 0 191 0 0 0 196 0 0 0 199 0 0 0 0 0 0 0 0 0 0 0 0 0 0 155 154 0 0 0 0 0 0 0 0 0 145 0 0 0 0 0 0 0 0 0 0 0 160 0 0 0 45 0 53 0 0 0 0 56 0 0 0 64 0 0 0
0 0 0 0 0 0 0 0 158 0 168 0 163 0 0 0 0 0 88 0 0 0 100 0 0 0 0 110 0 116 0 0 0 0 0 0 0 0 0 0 0 0 0 0 0 0 0 131 0 0 0 0 136 0 0 0 157 0 0 0 186 0 0 0 0 0 0 0 0 0 204 0 0 0 0 0 0 0 0 0 0 0 0 123 0 0 0 0 0 0 0 0 0 0 0 0 0 0 0 0 0 0 0 145 0 0 0 0 0 0 66 0 0 0 0 0 0 0 0 0 0 0 0 0 0 0 0 0
0 0 0 0 0 0 109 0 0 0 0 0 0 0 0 0 0 0 0 95 99 0 100 100 0 0 0 111 0 0 0 120 0 0 0 0 0 0 109 0 0 0 0 0 0 0 0 0 0 0 0 0 0 0 140 0 0 169 0 0 0 0 0 0 0 0 0 0 0 0 0 0 0 234 0 0 91 0 0 0 0 0 0 0 0 0 0 154 0 0 0 0 85 0 0 0 0 0 0 0 0 0 0 0 0 0 0 0 0 0 0 0 0 0 0 0 0 0 0 0 0 46 0 0 0 0 0 0
0 0 0 0 88 86 0 0 0 0 0 167 0 0 0 110 82 0 90 0 0 0 0 0 0 0 105 111 0 0 0 0 0 0 0 0 0 0 0 0 116 0 0 0 0 0 0 0 0 0 0 0 0 0 0 0 0 0 0 0 0 0 0 0 0 204 210 0 209 0 207 0 0 0 0 165 0 0 0 99 0 95 0 0 0 0 0 152 0 0 0 100 0 0 0 0 0 0 145 0 143 0 0 0 0 0 0 0 0 0 0 0 0 55 0 0 0 0 0 0 0 0 0 0 0 0 0 149
138 0 0 90 0 0 0 0 0 166 0 0 0 154 0 0 80 79 0 0 0 0 0 0 0 0 0 0 113 0 117 0 0 0 0 0 0 0 0 0 0 0 0 0 0 0 0 127 0 0 0 138 0 0 0 0 0 0 0 0 0 0 175 0 0 0 0 0 0 206 0 0 0 0 0 0 0 0 0 0 0 0 0 0 0 0 0 0 0 0 0 108 0 0 99 0 145 0 0 0 0 0 0 0 144 0 0 0 0 0 0 0 0 0 54 0 0 0 0 0 0 0 73 0 0 0 0 0
0 0 0 0 88 0 0 0 154 164 0 0 164 156 0 0 0 81 93 0 0 0 0 0 99 0 0 0 0 0 117 0 0 0 0 117 0 0 0 0 0 118 0 0 0 0 0 128 0 0 0 0 0 0 0 0 0 169 0 0 0 0 0 0 202 0 0 0 0 0 0 0 0 0 215 0 0 0 0 0 0 90 0 122 0 0 0 0 0 0 140 0 0 0 0 116 0 148 0 0 0 0 144 0 0 0 157 0 0 49 0 52 53 0 0 0 0 0 0 0 0 0 0 122 0 0 0 0
91 85 0 92 0 0 0 0 0 0 0 0 164 0 0 110 0 0 91 0 0 0 0 0 0 0 105 0 0 0 0 0 0 0 0 113 0 0 0 0 118 0 0 0 0 0 0 0 0 0 140 144 0 0 0 0 0 0 144 0 0 0 0 0 0 0 0 0 0 201 0 0 0 0 0 0 0 0 0 0 80 0 0 0 0 0 0 0 153 152 0 0 0 0 0 0 0 0 149 0 0 0 0 0 148 0 0 0 0 0 0 0 55 0 0 0 0 0 0 0 0 0 0 0 0 0 0 0
0 0 91 0 0 87 0 0 0 0 0 0 0 0 137 0 0 0 0 95 0 0 0 99 0 0 0 0 0 0 0 120 0 0 0 0 0 115 0 0 115 0 119 0 0 0 131 139 0 0 0 0 0 0 0 0 0 0 0 0 0 0 0 0 0 0 0 198 201 0 0 0 0 0 0 0 0 0 0 0 0 0 0 0 0 0 0 154 0 0 0 0 0 0 0 0 0 0 146 0 0 0 145 0 0 141 0 0 0 0 0 0 0 0 48 0 0 0 0 0 0 0 0 0 0 0 0 0
87 0 0 0 0 0 0 0 0 162 0 0 0 155 0 0 82 0 0 0 0 0 0 0 99 0 0 0 0 117 0 0 0 0 0 104 0 0 0 0 0 113 119 0 0 0 0 0 0 0 0 0 0 0 0 0 0 0 0 0 0 0 190 0 0 0 203 203 204 0 0 0 0 0 0 0 0 0 0 0 0 59 89 0 0 0 154 0 0 0 0 111 0 43 0 44 80 0 139 0 0 137 0 0 0 0 0 0 0 0 0 0 0 0 0 0 0 54 0 0 0 0 145 0 0 0 0 0
0 0 0 92 0 0 0 0 0 0 0 163 0 0 0 0 0 0 0 0 0 99 0 0 0 0 0 0 0 115 116 0 0 0 0 0 0 111 0 0 0 0 0 0 128 0 0 0 0 0 0 0 0 0 0 0 0 0 0 0 0 0 0 0 0 0 0 0 0 0 0 0 0 0 0 204 0 0 215 0 0 76 75 0 0 0 0 0 0 152 0 0 0 45 0 0 0 84 0 0 0 0 0 153 0 0 0 0 0 55 0 0 0 53 0 0 0 0 0 0 0 0 136 0 0 0 0 0
93 0 0 0 0 84 0 0 0 0 0 0 0 0 0 0 0 0 0 0 0 98 0 0 0 106 0 0 0 0 0 0 0 0 0 0 0 0 0 110 0 0 0 0 0 0 0 0 0 0 0 0 0 0 0 0 0 0 190 0 178 0 0 0 0 0 0 0 204 0 202 0 200 200 0 0 0 0 0 0 0 137 0 0 0 0 0 153 0 0 140 0 65 0 0 0 0 0 0 0 208 0 207 0 0 0 0 0 0 0 55 0 0 0 0 0 0 0 0 0 153 0 0 0 0 0 0 0
90 0 0 0 0 0 0 0 0 0 0 163 0 0 0 0 0 0 85 89 0 0 0 0 0 0 0 0 0 112 97 0 188 0 0 0 0 0 0 114 0 0 128 0 0 0 0 0 0 128 0 0 0 179 0 188 0 0 0 0 0 0 0 196 0 0 197 0 0 0 198 204 0 0 0 0 0 0 0 0 0 0 0 0 0 0 153 0 0 153 0 0 0 45 43 0 0 0 0 0 0 223 0 0 0 0 0 0 55 0 0 0 54 0 0 0 0 0 0 0 0 0 0 0 0 0 0 0
0 0 0 0 93 0 103 133 0 0 0 0 0 0 138 0 0 0 0 0 0 99 0 0 99 0 0 105 0 0 0 0 0 0 0 0 0 0 0 117 0 0 0 0 0 120 0 0 0 0 0 0 0 0 0 0 179 0 0 0 0 187 0 0 0 0 0 0 0 0 0 205 0 0 0 0 0 0 0 0 0 0 0 0 137 0 0 0 0 0 0 0 0 0 0 0 0 0 0 0 0 0 0 0 125 0 0 0 0 0 0 0 0 0 0 0 0 0 0 0 0 0 0 161 0 0 0 0
0 0 0 0 0 0 0 0 0 0 0 0 0 0 0 0 0 0 0 94 98 0 0 0 0 0 105 108 0 0 0 0 0 0 100 0 0 0 0 0 123 0 0 0 124 0 0 0 0 0 0 0 0 0 169 0 0 0 0 0 190 0 0 0 0 0 0 198 0 0 0 0 0 0 0 0 206 0 0 206 0 0 0 100 0 152 0 157 0 0 0 0 0 0 151 215 0 0 221 0 0 209 0 238 0 0 0 0 0 0 48 0 0 0 56 0 0 0 0 0 0 0 0 0 0 0 0 0
0 0 0 98 0 95 0 133 0 0 0 0 0 0 0 0 0 0 0 0 0 0 0 102 0 0 0 0 114 0 0 0 0 0 101 0 101 0 0 0 0 121 0 121 0 0 0 0 0 0 0 0 0 0 168 0 0 0 0 0 0 0 0 0 176 0 0 0 196 0 0 0 0 201 0 0 0 200 0 0 0 0 0 0 0 0 0 155 155 149 0 0 0 0 210 0 0 0 0 205 0 0 212 0 0 30 0 0 0 0 0 0 0 0 45 0 0 0 0 0 160 0 158 0 0 0 0 0
0 0 0 0 0 0 0 0 0 0 0 0 0 0 0 0 81 0 0 0 0 0 0 0 0 0 0 0 0 0 0 0 0 102 0 0 0 0 0 0 0 0 126 0 0 0 0 0 0 0 153 0 0 0 0 0 0 0 0 0 184 0 0 0 0 0 0 191 0 0 0 0 0 0 0 0 0 0 0 0 0 0 0 0 0 145 0 0 0 0 0 157 0 0 0 0 0 205 0 0 0 0 0 0 0 0 0 0 0 51 0 0 0 0 0 0 0 0 0 0 0 0 157 0 0 0 155 0
99 0 0 0 99 96 108 0 0 0 0 0 0 0 143 0 0 79 0 0 0 0 0 0 0 0 105 0 0 0 0 0 127 0 0 105 0 0 108 0 0 0 0 0 0 0 0 0 156 148 0 0 0 0 0 0 173 0 180 0 0 0 172 0 0 0 0 0 0 0 0 0 0 0 0 0 0 0 0 0 0 0 0 0 0 170 0 0 0 0 202 0 0 194 212 209 202 202 202 0 0 0 0 233 0 0 0 0 0 0 0 0 0 0 0 0 0 0 0 0 160 0 0 0 0 0 0 0
0 0 0 0 0 97 111 0 0 0 0 0 0 0 0 0 0 0 0 0 0 0 0 0 0 0 0 0 0 0 0 187 0 0 0 0 0 0 109 0 118 0 0 0 0 137 0 0 0 0 0 0 0 165 0 0 0 0 0 0 158 0 178 0 0 0 0 0 0 0 0 0 0 0 0 0 192 0 0 0 0 0 0 0 197 0 0 0 0 0 0 0 0 210 0 0 201 0 204 0 0 0 0 0 0 0 0 52 0 0 0 0 54 0 0 0 0 147 0 0 0 0 0 158 156 0 0 0
0 0 0 99 101 0 0 0 0 0 0 0 0 0 0 0 0 0 0 0 0 0 0 0 0 0 0 0 0 0 198 186 0 0 0 0 0 0 0 0 0 0 127 0 0 0 0 0 0 0 147 159 0 0 0 0 0 0 0 0 0 0 0 0 0 0 0 0 0 0 0 0 190 0 0 0 192 0 0 0 0 0 0 183 0 0 0 0 0 0 0 207 0 0 0 0 0 205 0 0 0 0 0 0 57 0 50 0 0 0 0 52 59 0 0 0 0 0 0 0 0 158 0 0 0 0 154 0
0 0 0 0 99 0 0 0 0 0 0 0 0 0 145 0 0 0 0 0 0 0 0 0 0 0 0 0 97 106 0 0 0 0 0 111 0 0 0 0 122 0 0 0 0 0 0 0 0 0 0 0 0 0 0 0 0 0 0 0 0 173 0 0 0 0 0 0 0 0 0 0 0 0 0 0 0 0 0 0 0 0 0 0 189 0 0 0 0 0 0 0 200 0 198 0 0 206 0 186 0 0 0 0 0 44 0 0 0 0 0 0 0 0 0 0 0 0 161 0 0 0 0 158 0 0 0 0
0 0 99 0 0 0 0 0 0 0 0 173 0 0 0 0 0 80 0 95 0 0 98 0 0 0 103 0 0 0 0 0 0 0 0 0 105 0 0 0 0 0 0 0 144 144 137 0 0 0 0 0 0 0 0 0 0 0 179 0 0 0 0 0 0 0 168 0 0 0 0 185 0 0 188 0 0 0 0 0 0 0 0 0 0 0 0 0 0 204 0 0 0 199 0 0 205 0 0 0 197 0 0 0 0 0 0 0 0 0 53 0 0 0 0 0 158 161 0 0 0 0 0 0 157 0 0 0
0 0 0 0 0 0 0 0 0 0 0 0 0 0 0 0 82 80 92 0 0 0 99 0 0 0 0 0 0 0 0 0 0 0 0 0 0 0 106 0 0 124 0 0 143 0 0 0 0 0 0 0 0 0 0 0 0 0 164 0 169 0 168 165 0 0 0 0 0 0 0 0 0 0 0 0 0 0 0 156 0 0 0 187 0 0 0 199 0 0 0 0 0 0 0 204 0 0 0 0 151 183 0 60 43 0 0 0 45 0 48 0 0 0 0 0 0 0 0 159 0 0 0 0 0 0 0 0
0 0 0 0 0 0 0 137 0 0 171 0 0 0 0 0 0 0 0 0 0 0 0 0 0 100 0 0 0 0 0 0 0 0 0 0 0 0 0 0 0 145 0 0 0 0 0 0 0 0 142 0 0 0 0 0 0 0 0 0 0 0 0 0 0 0 0 164 0 0 0 0 0 174 0 0 166 0 0 174 0 0 0 0 0 0 0 0 0 0 0 201 201 0 0 211 0 155 0 0 0 0 160 0 0 0 0 0 0 0 0 0 0 0 146 0 0 0 0 0 0 0 0 0 0 0 0 0
97 0 0 0 0 0 0 137 0 168 0 0 0 0 0 0 0 0 0 97 0 98 0 0 0 0 0 0 0 0 0 180 0 0 0 0 0 108 0 125 0 0 136 0 0 0 0 143 0 0 0 0 142 0 162 158 0 0 0 151 0 0 0 0 0 0 0 0 0 0 0 0 0 0 0 0 0 0 183 0 0 0 0 0 189 190 0 0 0 0 0 0 0 0 0 0 0 164 162 0 0 0 0 0 0 0 0 50 0 49 69 0 0 0 0 0 160 0 157 0 158 0 0 156 0 156 157 157
0 0 0 0 0 0 0 0 0 0 0 0 0 0 0 0 0 0 0 0 0 0 0 0 0 0 0 0 0 0 0 0 0 0 0 0 0 0 0 0 0 136 0 0 0 0 0 0 0 130 0 139 140 0 0 0 0 0 0 0 0 0 123 0 0 0 0 0 167 0 0 0 0 0 0 0 0 0 0 0 200 197 0 0 0 0 0 0 0 0 0 0 203 0 0 0 0 0 0 0 0 0 0 0 0 0 0 59 0 0 93 0 0 0 158 159 0 0 156 0 157 0 0 156 157 0 0 0
99 0 0 0 0 0 114 0 0 0 172 0 172 0 0 0 0 75 0 0 0 0 0 0 0 0 0 99 0 0 0 0 0 0 154 0 0 113 0 0 0 0 0 0 0 0 0 0 133 0 0 0 0 0 0 0 0 0 0 0 0 0 0 0 0 0 153 0 0 0 0 103 124 0 0 0 175 0 0 0 195 0 0 193 0 0 0 0 0 0 0 202 204 0 0 0 0 0 0 0 0 0 0 0 0 0 0 0 0 0 0 0 145 0 0 0 159 0 0 156 156 0 0 0 156 0 0 0
0 0 0 0 0 0 0 0 0 0 0 0 0 0 0 0 0 0 0 0 0 0 0 0 0 0 0 0 0 0 0 0 0 0 0 0 144 0 118 0 0 0 135 139 137 0 0 0 136 0 0 0 0 0 139 0 0 0 0 0 0 164 0 0 0 0 0 0 87 0 0 0 49 0 0 0 0 0 0 0 0 196 0 0 196 200 0 0 0 204 0 0 0 0 0 0 81 0 0 0 0 0 0 0 0 0 0 0 46 92 0 0 0 0 0 0 159 0 0 0 0 0 0 0 0 0 155 0
0 0 0 0 0 0 0 0 0 0 0 0 0 0 152 0 0 0 0 95 0 0 0 0 0 0 0 0 0 0 0 0 0 170 127 0 0 0 0 0 0 0 0 0 0 0 132 135 0 0 0 0 0 0 0 0 0 0 0 91 111 0 0 0 0 0 72 0 0 0 0 55 0 0 0 0 0 0 0 0 0 0 0 0 0 0 0 0 202 0 0 171 0 0 0 0 0 123 0 0 0 34 0 51 0 0 0 0 0 0 152 0 0 0 0 0 0 0 0 0 0 0 0 155 155 0 0 0
0 0 102 96 0 0 118 139 0 0 0 0 0 0 0 0 0 0 0 0 0 0 0 0 0 0 0 0 0 0 0 0 0 173 0 0 0 0 0 0 0 0 0 0 0 0 0 0 0 141 0 0 130 0 0 0 0 0 67 0 0 112 97 93 0 0 0 0 0 0 0 155 0 0 0 0 0 0 0 0 193 0 0 193 0 0 0 0 0 0 0 0 0 84 0 0 0 194 0 0 0 0 0 0 0 51 0 0 77 0 0 148 0 0 0 0 0 0 0 0 0 0 0 0 0 0 0 0
0 0 0 0 0 0 0 0 0 170 171 0 0 0 0 117 0 0 0 0 0 0 0 0 98 0 0 0 0 79 0 0 0 0 0 0 0 130 0 0 0 137 0 120 127 0 0 0 0 0 0 0 0 0 82 0 0 55 0 0 117 0 0 87 0 0 0 0 0 75 0 138 162 0 0 183 192 0 0 0 0 0 0 0 0 0 0 0 0 0 0 0 0 0 0 0 0 0 0 0 0 0 0 0 0 57 0 0 0 0 0 0 0 0 0 0 0 0 0 0 0 156 0 155 0 0 0 0
0 104 0 0 0 103 0 0 0 0 0 0 0 0 0 0 0 0 0 0 0 0 0 0 0 0 0 0 0 0 0 213 0 0 0 0 0 0 0 0 0 0 0 0 0 126 121 130 0 0 0 0 0 0 0 66 0 0 0 0 107 0 0 0 0 0 44 0 0 0 138 0 0 0 0 0 0 186 0 0 189 0 0 0 0 0 0 0 0 0 0 146 0 170 0 0 0 0 0 0 0 0 0 0 47 0 0 0 0 0 0 0 0 0 0 0 162 0 0 159 0 155 155 0 156 0 0 0
0 0 0 0 101 0 0 0 0 0 0 171 0 0 0 0 0 75 0 0 96 0 0 0 0 0 0 0 0 0 0 0 0 0 0 0 0 0 0 0 0 0 124 0 125 0 0 0 0 0 0 0 0 0 0 0 59 0 0 0 0 0 0 0 0 0 0 0 0 0 0 0 182 178 0 0 0 0 0 0 0 0 0 0 138 0 0 0 0 0 0 169 169 166 0 0 0 31 0 0 54 54 0 0 0 52 0 103 0 0 0 0 0 0 0 0 0 0 0 0 0 0 0 0 0 0 0 0
0 0 0 0 0 0 111 0 0 170 0 0 0 0 0 0 0 0 0 0 0 0 0 0 0 0 0 0 0 0 82 0 0 0 0 0 113 122 132 0 112 127 0 0 0 0 0 0 91 0 0 0 0 0 0 0 0 0 0 52 0 0 0 0 0 0 0 146 0 190 0 0 0 0 0 0 0 0 0 0 0 0 0 0 60 0 0 0 0 0 0 0 0 0 0 0 0 0 0 0 0 0 0 0 0 0 0 0 0 142 0 0 165 165 164 0 163 162 0 0 0 158 0 0 156 0 0 0
0 0 0 0 0 0 0 0 0 0 0 0 174 168 0 0 0 0 85 0 95 0 0 97 0 0 0 104 0 106 0 95 0 0 0 0 0 0 0 118 0 0 0 0 0 0 123 0 0 0 0 0 0 0 0 0 0 0 0 0 0 51 0 66 0 0 109 0 0 0 0 0 0 0 182 0 0 183 0 0 0 0 0 0 0 0 0 0 0 0 0 0 0 0 51 0 0 0 0 0 0 0 0 0 0 0 0 0 126 0 0 0 0 0 0 163 0 0 0 0 0 0 0 0 0 0 0 0
0 0 0 0 0 0 0 0 0 0 0 0 0 0 153 121 0 0 0 0 95 96 0 0 0 0 0 0 0 0 107 0 0 0 0 0 0 0 0 116 0 123 0 0 0 0 0 0 0 0 0 0 0 0 0 0 0 0 0 0 0 68 0 0 0 0 0 0 185 0 0 0 0 0 0 0 175 0 0 0 0 194 0 0 0 0 0 98 0 0 0 169 0 0 0 0 0 0 0 55 0 46 0 0 0 0 0 0 0 0 0 0 0 0 0 0 0 162 162 0 0 0 0 0 0 155 0 152
0 0 0 0 100 0 0 0 0 0 173 0 0 0 0 0 0 0 0 0 0 98 0 0 0 0 0 105 0 0 0 90 0 222 204 0 0 123 0 0 0 0 0 0 0 119 0 0 0 0 0 0 0 0 0 0 0 0 47 0 0 0 0 0 0 0 0 0 0 0 0 0 0 0 0 0 0 0 0 0 0 0 0 0 0 102 61 0 0 0 0 0 0 0 0 0 0 0 0 0 0 0 0 0 0 0 0 0 0 0 167 0 0 163 0 0 0 0 0 0 0 0 158 0 0 0 0 0
0 0 0 0 0 0 0 0 153 0 0 174 0 0 153 0 0 0 0 0 0 0 0 0 0 0 0 0 0 0 0 0 0 0 0 0 107 0 0 0 0 0 0 130 0 61 65 0 0 0 0 0 0 0 0 0 0 0 0 45 0 0 0 0 0 0 0 0 189 0 167 0 0 0 164 0 0 0 199 0 0 0 200 0 0 0 0 45 0 98 0 0 0 44 0 0 0 0 0 0 0 45 0 0 0 0 0 0 0 0 0 0 0 0 0 0 163 0 163 0 160 0 0 0 0 0 0 0
0 0 0 0 101 0 0 0 0 0 172 0 0 0 0 0 81 0 0 94 0 0 0 0 99 0 104 0 111 0 0 0 0 0 0 0 106 114 0 117 129 119 114 116 0 41 0 0 0 0 0 0 74 0 0 0 0 0 0 0 0 117 0 0 0 0 0 0 0 0 0 0 0 0 162 0 0 0 0 0 0 204 0 207 0 127 0 0 0 0 0 0 55 0 0 0 0 0 63 0 0 0 0 0 0 0 0 0 0 0 0 0 0 0 0 0 0 0 0 0 0 159 157 0 0 0 0 0
0 0 0 0 99 0 0 0 154 0 172 0 0 0 155 126 0 0 0 0 0 0 0 0 0 101 0 0 128 0 0 111 0 198 0 0 120 0 0 0 0 0 84 0 0 0 0 0 0 0 0 0 0 0 0 64 84 0 0 0 0 0 0 0 0 0 0 0 0 0 0 0 0 0 0 0 0 0 0 0 0 0 0 0 0 149 0 0 0 0 0 0 64 0 0 0 0 0 0 0 0 0 0 0 0 144 0 0 0 152 0 0 0 0 156 0 0 0 0 0 0 159 0 0 156 0 0 0
0 0 101 0 0 0 0 0 0 168 0 0 0 0 0 0 0 77 0 0 0 0 0 0 0 0 102 0 0 0 0 118 0 0 0 0 0 0 0 0 0 0 0 0 0 0 0 0 0 0 52 0 0 0 94 89 0 0 0 0 0 145 0 0 171 0 0 0 0 0 0 0 0 0 0 0 0 0 200 0 203 0 0 212 0 0 0 53 0 0 0 0 0 0 0 0 0 0 0 0 0 0 0 0 0 0 0 163 162 0 0 0 0 0 0 0 150 0 0 0 0 0 0 0 0 0 0 0
0 0 0 0 0 0 0 0 0 0 0 0 175 0 0 0 84 0 0 96 0 0 0 0 0 0 0 0 0 0 0 0 0 0 0 0 0 133 131 0 0 0 0 0 0 0 0 57 0 0 0 0 0 49 0 0 0 94 0 138 0 0 0 189 180 0 0 0 0 0 0 0 0 0 175 0 0 0 0 204 0 0 0 0 0 178 0 0 0 0 0 0 0 0 0 0 0 0 0 0 0 0 43 0 0 0 0 0 0 163 0 157 155 0 0 0 0 0 0 149 0 0 0 0 0 155 0 0
0 0 0 0 0 0 0 0 0 0 0 0 0 0 0 0 0 78 0 0 0 0 0 0 0 0 0 0 117 116 0 0 114 0 0 0 0 0 0 0 0 0 0 0 0 0 0 0 0 46 0 0 0 0 0 0 0 0 0 0 0 0 0 0 0 0 0 177 0 0 0 0 0 0 0 0 0 0 0 0 0 0 0 0 0 0 0 0 0 0 0 165 0 0 0 0 0 0 0 0 53 0 0 0 0 0 156 0 161 0 0 0 0 0 0 0 0 145 0 0 0 143 0 0 0 0 0 0
0 0 0 0 0 92 0 0 0 0 0 0 0 0 154 0 0 76 0 0 0 0 0 103 0 0 0 0 116 0 0 0 0 0 125 0 0 0 127 0 0 0 0 94 0 0 0 0 0 0 0 0 54 74 0 62 0 0 0 0 0 163 165 0 186 0 0 0 0 0 0 0 0 0 177 0 0 0 196 0 199 0 0 209 0 202 0 74 42 0 0 0 0 0 0 0 0 0 0 0 0 0 0 0 136 0 0 0 0 160 0 0 0 0 0 0 0 151 0 0 0 0 0 0 0 0 0 150
101 0 99 100 99 0 0 0 0 0 0 0 0 0 0 0 0 0 0 94 0 0 0 0 0 0 0 113 0 0 0 154 0 69 45 0 0 0 0 0 0 0 0 0 0 0 0 0 0 48 55 0 0 0 0 0 0 0 0 0 0 0 0 0 0 0 0 0 107 0 129 0 0 182 0 0 0 0 0 0 0 0 0 0 0 0 0 0 41 0 0 0 0 0 64 0 0 61 48 0 0 0 87 0 0 0 0 0 159 0 0 0 0 0 0 0 0 0 0 0 148 0 0 0 0 0 0 0
0 0 0 0 0 0 0 0 0 0 0 0 0 0 0 0 82 0 0 0 0 0 101 0 0 0 0 112 0 0 0 0 0 0 0 0 0 0 0 0 86 0 0 0 0 57 0 0 0 45 0 0 0 0 0 0 0 0 0 184 186 0 0 0 151 0 0 0 0 96 0 0 0 164 0 0 176 0 0 0 0 0 0 0 0 0 95 0 46 0 0 136 0 0 0 0 0 0 0 0 0 0 108 0 0 0 163 0 0 0 0 0 0 0 0 157 154 155 155 0 0 0 0 0 143 0 0 0
0 0 0 0 0 0 0 127 0 0 0 0 0 0 157 0 0 0 0 96 0 0 0 100 0 0 104 0 0 0 0 146 0 0 0 0 0 0 57 0 0 0 0 80 0 0 0 0 0 0 0 44 0 0 39 0 0 0 0 0 0 173 194 0 0 0 0 0 0 0 0 0 0 0 0 0 0 0 0 0 189 0 0 0 0 0 0 0 0 0 0 0 149 0 0 0 0 0 0 0 52 0 0 0 0 0 0 0 0 0 156 0 155 157 0 156 0 0 0 0 0 0 0 0 150 0 0 0
101 102 0 0 98 0 0 0 0 0 176 0 0 0 0 0 0 0 0 0 0 0 0 100 0 0 0 0 0 0 0 0 0 0 0 0 0 0 0 99 0 102 0 61 0 65 0 0 0 0 0 0 0 0 94 0 0 0 0 0 0 0 0 0 0 0 0 0 0 42 0 0 0 0 0 0 0 188 0 0 0 0 0 0 51 0 0 0 59 0 0 0 0 0 0 67 0 0 0 55 0 0 0 0 0 0 0 156 0 156 0 0 155 0 0 155 153 0 0 153 0 0 0 0 0 0 0 0
0 0 0 0 0 0 0 0 0 0 175 0 0 0 0 0 0 0 0 0 0 0 0 0 0 86 0 0 0 0 0 0 0 0 0 0 87 84 0 0 86 0 0 56 0 0 0 0 0 0 0 0 0 0 0 160 178 0 0 0 0 96 0 50 0 48 0 0 125 0 0 0 134 0 138 0 162 0 0 0 0 0 0 0 0 0 0 0 0 0 0 0 0 0 0 0 0 0 0 0 42 100 0 0 158 0 0 0 0 0 154 156 154 0 0 0 0 0 0 0 0 0 0 0 0 0 0 0
98 0 0 0 0 79 0 0 0 0 0 177 0 174 0 0 0 0 0 0 0 0 0 0 0 0 0 0 0 137 0 0 0 0 43 0 0 0 0 0 0 0 0 0 0 70 0 0 43 0 0 0 0 0 0 0 0 0 0 0 0 71 0 55 0 0 0 0 0 0 0 0 112 0 0 0 160 0 0 152 0 53 0 0 156 0 0 0 0 0 51 0 157 0 0 0 0 0 0 0 58 0 0 0 160 0 158 0 0 153 0 0 0 0 0 0 0 0 0 0 0 0 0 0 0 132 0 132
0 0 0 0 0 78 0 0 0 170 0 0 0 0 0 0 0 0 0 0 0 0 0 0 0 0 0 127 0 0 151 0 0 0 0 0 0 0 0 0 0 0 44 0 0 0 0 0 0 0 0 0 71 0 0 0 0 0 199 131 0 0 81 57 111 0 0 126 0 0 0 0 0 0 0 0 165 0 0 0 0 0 0 0 0 0 43 0 0 0 0 0 0 0 0 0 0 0 54 0 0 141 0 0 159 0 0 0 0 152 0 0 0 0 0 0 0 0 148 0 0 0 0 0 127 0 0 0
0 0 0 0 0 0 0 0 0 0 0 179 0 0 0 0 0 0 0 0 0 0 0 0 0 0 127 0 0 0 0 0 0 0 0 0 61 0 81 0 0 0 0 0 0 0 0 0 0 0 0 45 113 0 174 0 0 195 128 0 0 0 136 0 105 0 132 0 0 0 0 0 0 0 0 136 0 0 202 116 0 0 0 176 138 0 56 0 51 0 0 92 0 0 0 0 0 0 0 0 0 0 0 0 0 0 0 0 0 0 159 0 0 0 0 0 0 0 0 142 0 0 0 0 148 164 0 0
103 0 0 93 87 0 0 0 0 0 0 0 183 0 0 0 90 0 0 105 0 0 0 0 0 0 0 0 0 0 0 0 0 0 0 0 70 0 70 0 0 0 0 0 0 0 0 0 0 0 0 0 0 170 0 0 0 0 108 0 137 143 0 142 0 0 0 0 0 0 0 0 0 0 128 0 161 0 0 0 142 0 129 111 0 0 79 0 0 0 0 0 0 0 0 53 0 51 0 0 0 0 0 0 0 0 0 0 149 0 156 0 0 0 0 148 0 0 0 0 0 0 0 0 0 0 0 0
0 0 0 0 0 0 0 0 0 0 0 0 0 0 162 132 0 0 0 0 0 0 0 0 0 137 0 76 75 0 47 54 0 0 0 0 0 0 0 0 0 0 0 0 0 0 47 0 0 0 0 0 0 0 0 0 0 0 0 0 0 150 0 0 0 0 0 0 0 0 0 0 127 0 0 0 0 0 0 173 0 0 0 0 0 0 0 0 44 0 0 0 0 0 0 52 0 0 0 0 0 0 0 0 0 0 0 0 0 0 0 0 0 0 148 0 0 0 0 132 137 0 182 0 0 0 0 0
0 0 0 83 0 67 0 0 0 0 0 0 0 0 0 0 0 0 0 103 0 0 0 0 0 0 0 0 0 0 0 0 0 0 0 0 0 0 0 0 92 0 0 0 0 0 0 0 50 0 0 0 0 0 0 0 78 118 0 0 0 0 0 163 0 0 0 0 0 0 0 0 0 138 0 0 0 0 0 187 0 0 0 0 0 0 0 0 0 0 0 0 178 0 0 0 0 0 0 0 0 0 0 0 0 0 0 0 0 0 0 0 0 0 0 0 0 140 0 0 0 0 196 193 0 189 0 0
0 0 0 0 78 0 0 0 0 0 0 0 0 0 0 0 0 0 0 0 108 121 0 0 0 122 0 0 0 71 94 0 0 0 0 0 0 92 0 0 0 125 95 0 0 48 0 0 0 0 0 0 0 0 0 0 0 0 0 0 0 0 0 0 175 0 0 0 0 0 0 0 0 0 0 0 0 0 0 0 0 0 0 0 0 0 0 0 49 0 0 0 0 0 0 0 49 0 0 0 137 0 160 0 0 0 152 0 0 0 0 0 0 0 0 0 0 0 0 0 0 0 0 0 0 189 0 0
88 89 0 0 0 63 0 0 0 0 0 0 182 0 0 0 0 0 0 0 0 0 0 136 94 0 0 0 0 84 0 0 0 71 0 0 0 0 0 0 0 0 0 0 60 46 0 0 0 0 124 0 0 186 0 0 112 0 0 0 0 0 0 0 0 0 0 175 0 0 162 0 0 140 0 0 0 0 0 0 0 0 0 0 0 127 0 0 0 65 0 0 165 0 0 0 51 0 0 0 0 0 0 0 0 0 0 0 0 0 0 0 146 0 0 0 0 0 0 0 0 0 0 194 0 0 0 198
0 0 0 0 0 0 0 0 0 0 0 0 0 0 0 0 0 0 0 0 0 0 0 0 0 0 0 0 0 0 0 0 0 0 0 0 0 0 0 0 0 0 0 0 0 0 44 34 0 0 0 192 0 0 0 0 0 0 0 0 0 0 0 0 0 0 0 0 0 0 159 0 0 0 0 0 0 0 0 0 0 0 149 0 130 0 100 56 0 0 62 0 0 0 0 41 0 42 0 0 0 0 0 0 0 0 0 0 0 0 0 0 0 144 0 0 0 0 0 195 193 0 195 0 0 0 0 0
0 0 0 0 0 0 60 110 0 0 0 175 0 0 0 0 0 80 0 0 0 0 0 0 102 0 0 0 0 0 0 0 0 0 0 0 0 0 0 0 53 0 0 0 135 0 0 0 0 0 0 0 0 0 56 0 0 0 0 0 0 149 0 0 0 0 0 0 0 0 155 142 0 0 0 0 0 0 0 0 0 157 0 0 0 0 0 0 48 0 0 0 0 158 0 0 0 0 0 0 145 0 0 0 0 0 0 0 0 0 0 0 0 143 0 0 0 0 0 0 0 0 0 0 0 0 0 0
0 0 77 0 0 0 0 111 0 0 0 0 0 0 0 133 0 0 0 0 119 0 0 65 0 0 0 0 0 0 0 0 0 0 0 0 0 0 0 79 0 61 0 0 120 113 0 56 0 0 0 0 0 0 0 0 0 122 0 0 0 0 0 0 0 0 0 0 0 0 0 138 0 0 0 0 135 0 0 0 0 0 0 0 0 0 0 0 0 0 0 0 0 156 0 0 0 0 0 0 0 163 0 0 0 0 0 0 0 0 0 0 142 0 136 0 160 0 0 192 0 193 0 0 0 0 0 0
0 77 0 0 0 0 0 0 0 0 0 0 0 0 158 0 85 0 0 0 0 0 0 0 0 0 0 0 97 0 0 0 0 0 0 0 0 41 0 0 0 0 0 0 0 0 0 0 0 0 0 0 0 52 0 0 0 0 0 0 0 0 0 0 0 0 0 0 0 0 0 0 0 0 0 0 132 0 0 0 0 0 0 0 0 0 0 0 0 0 0 0 0 0 0 0 0 0 0 0 0 0 0 0 0 0 0 0 0 0 145 0 140 0 0 0 0 0 0 0 193 0 0 0 0 0 0 0
0 0 75 0 0 0 49 106 0 0 0 0 0 0 160 0 0 0 0 0 0 0 0 0 0 0 0 0 0 87 0 0 0 58 40 53 0 0 0 76 120 0 86 0 0 0 0 114 128 0 0 0 0 56 0 0 104 0 0 0 0 0 0 0 0 156 0 0 0 0 0 0 0 0 0 0 0 0 0 0 0 150 0 0 0 0 0 0 0 0 0 32 0 0 0 0 0 0 0 0 159 0 0 0 151 0 0 0 148 148 0 0 0 0 0 0 195 0 0 0 0 0 0 206 0 0 0 0
0 0 0 0 0 0 47 0 147 167 0 0 0 177 0 0 86 0 0 0 0 0 78 0 0 0 0 0 0 0 0 0 0 0 0 0 0 0 0 0 0 0 0 0 0 0 0 0 0 0 0 0 0 59 0 73 105 0 0 0 136 142 145 0 0 0 0 0 160 0 0 0 0 0 0 0 0 0 0 0 157 0 144 0 0 0 0 0 0 74 0 0 0 0 0 0 0 0 0 0 0 0 154 0 0 0 0 0 0 0 0 0 0 0 0 0 0 0 0 0 0 0 0 0 0 0 208 0
0 0 0 0 0 0 0 113 0 0 172 0 0 0 0 133 0 0 0 0 111 115 0 0 0 0 0 0 0 0 0 0 112 0 0 0 0 35 54 0 0 101 0 0 0 0 0 0 186 0 0 0 0 0 0 79 106 0 126 0 0 0 0 0 0 0 156 158 0 0 144 0 0 0 0 0 0 0 0 0 150 0 0 0 0 0 0 50 60 0 0 0 79 0 0 0 0 0 0 0 0 0 0 0 0 0 0 0 0 0 0 143 0 0 0 0 0 0 0 0 0 0 0 0 0 0 0 0
0 0 0 0 68 0 0 0 0 0 0 0 0 0 162 0 0 0 0 0 0 0 0 0 0 0 0 0 0 0 0 114 0 0 0 44 81 68 0 0 0 0 0 0 0 0 0 192 0 0 0 0 0 0 0 0 0 0 0 0 0 0 146 0 0 0 154 0 159 0 0 0 0 0 0 0 104 0 0 0 0 0 0 134 0 44 0 51 65 0 0 0 0 161 0 61 74 0 0 0 0 0 0 0 0 0 0 0 0 0 0 0 0 0 0 0 0 0 0 0 0 0 0 210 0 0 0 0
0 0 0 0 0 73 0 132 0 0 169 0 0 0 0 0 0 0 0 0 113 0 0 0 0 48 0 0 0 0 0 0 0 0 0 0 0 0 0 0 0 0 87 0 0 0 0 0 0 41 0 0 0 0 108 0 0 0 0 128 0 0 0 0 0 0 0 0 0 0 0 0 0 0 0 0 0 0 0 169 0 144 0 0 57 0 0 0 73 0 0 0 0 0 142 0 0 0 0 0 0 0 0 0 0 0 149 0 0 0 143 0 0 0 0 197 0 0 205 0 0 0 0 0 0 0 0 0
0 0 0 0 0 0 0 0 0 0 169 0 0 0 0 0 0 76 91 0 118 0 58 0 0 0 0 0 0 82 0 0 0 0 0 0 0 0 0 0 0 0 137 0 0 0 0 0 0 0 56 0 0 63 0 0 0 0 0 0 0 0 0 0 144 0 0 155 0 0 0 151 148 0 0 0 0 199 0 0 148 0 0 0 0 49 0 60 0 76 0 0 0 0 0 0 0 0 0 0 0 0 0 0 0 148 0 0 0 0 0 0 0 0 0 196 0 0 0 0 0 0 0 209 0 0 0 0
0 72 0 0 0 0 0 0 0 0 0 0 0 0 0 0 0 0 85 0 0 0 0 0 115 0 57 0 0 0 0 0 0 0 0 0 0 0 0 0 0 0 0 0 0 0 0 0 0 0 0 0 0 0 0 0 0 0 0 129 0 0 0 0 0 0 0 0 151 0 0 0 0 0 0 0 0 0 0 163 0 0 0 0 0 0 0 0 0 0 0 0 0 0 0 0 0 0 0 156 0 0 150 149 0 0 144 0 0 0 0 0 0 0 190 0 0 0 0 0 0 0 0 0 0 210 0 0
0 0 0 0 0 0 0 0 0 0 170 0 0 0 0 0 0 0 0 126 117 0 0 0 0 0 0 0 0 0 0 88 0 0 0 0 0 0 0 106 115 0 0 0 110 0 0 0 0 49 0 0 0 0 0 0 0 0 0 0 0 0 0 0 0 0 0 0 0 0 0 0 0 0 0 0 0 202 198 0 138 0 0 0 0 0 0 0 0 0 0 0 0 0 0 106 0 0 0 0 0 0 0 0 0 0 0 0 0 0 0 0 0 0 0 0 0 0 0 0 0 208 0 0 0 0 0 0
0 61 0 0 0 68 0 133 0 0 0 0 0 0 0 0 92 0 0 0 0 0 0 0 0 0 0 0 0 0 0 0 86 0 0 140 0 0 0 0 0 0 0 93 0 0 38 0 0 0 0 0 0 0 0 0 0 0 0 0 0 0 0 0 0 0 0 0 0 143 0 143 0 0 0 0 0 0 0 0 0 0 0 0 0 0 0 0 0 0 0 0 0 0 0 116 0 0 0 0 0 0 0 0 0 148 0 0 0 0 0 0 127 0 193 0 0 0 208 0 0 0 0 0 0 0 0 212
58 58 62 0 0 0 0 0 0 0 0 0 0 0 0 0 0 0 0 84 136 109 51 0 0 65 0 52 0 0 103 0 74 0 0 0 0 131 0 0 0 0 0 0 0 0 0 0 0 0 0 0 0 0 0 0 0 0 0 0 0 0 0 0 143 0 0 0 0 0 0 0 0 0 0 0 119 0 0 0 145 0 0 0 0 0 0 0 72 79 0 0 0 89 0 0 0 147 0 0 0 0 0 0 0 0 0 0 0 0 0 0 0 0 196 0 0 0 0 0 0 0 211 0 0 0 0 0
56 0 0 0 0 0 0 0 0 0 0 0 181 0 0 0 0 0 0 0 0 95 64 0 0 0 0 0 0 0 0 0 0 0 0 72 91 0 0 0 0 86 0 0 40 0 0 0 0 0 58 63 0 0 0 0 84 0 0 0 0 0 0 0 0 145 0 0 0 0 0 0 0 0 0 0 0 0 0 0 0 0 0 0 0 49 61 64 0 78 0 0 0 75 0 0 148 0 0 0 0 0 0 0 0 146 0 0 145 0 0 0 0 0 202 211 0 0 0 0 0 0 0 0 0 0 0 212
0 0 0 0 0 0 100 0 0 0 0 0 0 0 0 0 0 0 0 132 0 0 0 91 42 0 0 0 0 0 0 88 0 0 0 0 0 0 0 0 114 0 0 0 0 0 0 0 0 47 0 0 0 0 0 77 0 0 0 0 0 124 0 0 142 147 0 0 129 0 0 0 0 0 0 0 0 0 0 0 0 0 0 0 0 52 0 0 82 78 0 76 0 0 0 0 0 0 0 0 0 0 0 0 0 0 0 0 0 0 0 0 0 0 0 0 0 0 211 211 0 0 0 0 0 0 0 0
0 0 0 0 56 0 95 0 156 0 0 0 0 0 0 147 0 62 0 0 0 0 0 0 0 0 0 0 0 0 0 87 0 0 0 0 0 0 0 0 0 0 0 0 55 0 0 0 0 0 0 0 0 0 0 0 0 0 0 111 0 122 128 132 137 0 144 139 0 0 0 0 0 0 0 0 0 0 0 128 0 0 0 0 50 0 0 0 0 0 0 0 0 0 156 0 0 0 0 0 0 0 0 0 0 0 0 0 144 0 0 130 0 0 214 0 0 0 0 0 0 0 0 209 0 0 0 0
0 0 0 51 0 0 0 0 0 0 0 0 0 0 0 134 0 0 0 105 0 0 0 0 0 0 0 0 0 0 0 0 80 88 0 0 0 0 0 0 0 0 0 0 0 0 0 0 0 57 0 0 0 0 0 0 0 0 0 0 0 117 0 0 0 0 0 139 0 0 0 128 0 0 0 132 150 0 0 0 49 0 0 0 0 0 0 0 0 0 0 73 0 0 0 0 0 0 0 0 0 0 0 0 0 0 0 145 0 0 0 0 0 0 218 0 0 0 215 0 0 0 0 206 0 208 0 0
51 0 0 45 0 0 0 0 0 0 0 177 0 179 0 0 0 0 0 0 0 0 0 0 0 0 0 0 0 127 0 0 0 0 106 111 91 0 156 0 0 0 0 0 0 0 0 0 0 0 0 0 62 0 0 0 0 0 0 0 0 114 0 0 0 137 0 0 0 0 140 0 0 158 0 0 0 0 0 54 0 0 0 0 0 0 0 75 0 0 0 0 0 0 0 0 148 0 0 0 0 0 0 0 0 149 0 0 0 0 0 0 0 0 0 0 0 0 0 0 0 0 0 0 0 0 0 0
0 0 0 0 0 0 104 128 0 0 0 176 0 0 164 0 0 0 0 0 0 84 0 0 0 0 0 60 0 102 0 0 0 0 0 0 0 0 0 0 0 0 0 0 54 0 0 0 0 0 0 0 0 0 52 0 0 0 0 77 0 0 0 0 133 136 0 0 0 0 0 0 0 0 0 0 0 0 0 0 0 0 0 0 0 0 0 83 0 0 0 0 0 0 0 0 0 0 0 0 0 0 0 0 0 0 149 0 0 0 0 123 0 0 0 0 0 0 0 0 0 0 0 0 0 0 0 0
0 0 0 0 0 0 0 0 0 0 0 0 0 0 0 0 0 0 0 0 0 0 0 53 51 72 50 0 0 84 0 0 0 0 0 0 136 0 103 0 0 0 0 0 0 63 0 0 0 0 0 0 0 56 0 0 60 64 0 0 0 0 0 0 0 0 0 0 0 0 0 0 0 0 0 0 0 0 48 0 51 0 0 0 0 56 47 0 0 0 0 74 0 0 0 161 0 0 0 0 0 0 150 0 151 0 0 0 0 0 0 0 0 0 0 0 0 0 0 0 215 0 0 205 205 0 0 0
0 0 0 0 0 0 0 132 0 165 0 175 0 0 166 0 0 0 0 0 0 0 0 55 0 0 0 0 0 0 0 0 0 123 0 0 0 0 0 0 0 0 54 0 0 66 0 0 0 0 0 0 0 0 0 0 62 0 0 0 0 0 0 100 108 0 129 0 0 149 0 0 0 164 0 0 0 0 48 0 0 0 0 0 0 0 0 0 0 0 0 81 0 0 0 161 0 0 150 0 0 0 151 149 0 0 0 0 0 0 0 0 0 210 222 0 0 0 0 0 0 0 0 0 0 0 0 0
0 0 0 0 0 0 0 125 0 0 172 0 0 0 164 0 0 0 136 102 0 74 0 0 0 0 49 0 0 0 85 0 0 0 0 0 0 0 0 0 0 48 0 0 0 0 0 0 0 52 0 0 49 0 0 0 0 0 0 0 0 0 0 78 0 0 0 0 0 0 0 157 0 0 155 0 0 0 0 0 0 0 0 0 56 0 0 0 0 0 0 0 71 0 0 0 0 0 0 0 0 0 0 0 0 147 0 141 0 0 0 0 0 0 0 0 0 0 0 0 0 0 0 0 0 0 0 0
0 0 0 0 0 0 0 118 0 0 0 0 174 0 0 118 0 0 0 0 0 0 0 0 0 56 0 42 0 0 118 0 0 97 114 0 0 0 84 0 0 0 0 0 0 73 42 0 0 0 0 0 0 0 0 58 0 0 0 0 0 0 0 0 0 0 0 0 0 0 0 156 0 162 164 0 0 0 0 0 0 0 0 0 0 0 0 0 0 0 0 0 69 0 0 0 0 0 0 0 0 124 0 0 0 144 0 140 138 0 0 0 0 0 0 209 0 0 0 0 0 0 0 0 0 0 0 0
0 0 0 0 0 0 0 0 144 0 172 0 0 174 0 0 0 0 0 0 0 0 0 0 0 0 0 0 0 0 0 0 0 119 0 0 0 0 0 0 0 0 47 0 0 0 0 0 0 0 0 0 0 53 54 0 0 0 54 0 0 0 0 0 127 0 0 0 0 0 0 0 0 0 0 0 0 0 0 0 0 0 47 0 0 0 59 92 0 0 0 0 74 0 0 0 0 0 0 0 0 0 0 0 0 0 0 0 0 0 0 0 0 0 0 205 0 0 209 0 0 0 0 0 0 0 0 0
0 0 0 0 0 62 0 0 0 0 0 0 0 0 0 0 0 0 0 0 0 0 0 0 0 71 0 0 0 0 0 0 0 143 0 0 99 0 0 0 128 0 0 0 0 0 0 0 0 0 48 0 0 0 0 0 0 0 0 0 104 121 0 0 0 0 0 0 0 0 0 0 0 148 0 0 189 0 0 0 0 0 0 0 35 0 55 0 0 0 0 0 0 0 0 0 0 0 0 0 0 0 0 0 100 0 0 0 0 111 0 0 0 211 203 0 0 0 208 0 0 0 0 0 0 77 0 86
136 0 0 0 0 0 0 0 0 0 0 0 171 179 0 0 0 137 0 0 0 0 0 0 26 0 0 0 0 0 113 0 0 0 0 0 104 0 0 0 0 0 0 0 0 0 0 0 0 0 0 0 0 0 0 0 0 0 0 0 0 115 0 0 0 128 0 137 0 0 0 0 0 0 0 0 190 0 0 0 0 0 0 205 0 36 0 0 0 0 74 0 0 0 0 0 0 0 0 0 0 130 0 114 0 0 0 0 98 0 0 0 0 0 0 209 0 0 0 0 0 0 0 76 0 0 0 0
0 0 136 0 0 0 0 78 132 0 169 0 0 0 0 0 0 0 0 0 42 0 0 0 0 0 0 0 59 0 75 0 120 0 0 93 0 0 0 0 0 100 0 0 0 0 0 0 0 0 0 0 0 0 0 0 0 0 0 0 0 0 0 0 126 0 0 0 0 0 0 0 0 0 0 0 187 0 0 0 199 202 0 0 0 0 0 0 0 0 0 78 0 0 0 0 0 0 0 140 0 0 0 0 0 0 0 0 0 0 0 0 187 0 0 212 0 0 0 0 0 81 83 0 0 95 0 0
0 0 0 0 0 0 0 0 0 0 0 0 0 0 0 0 0 0 0 0 0 0 0 0 0 0 0 0 0 0 0 0 65 0 0 0 0 0 136 0 0 0 0 0 80 0 0 0 0 0 0 0 0 0 54 65 0 0 0 62 0 0 0 0 0 0 0 0 0 0 0 0 0 0 0 0 0 0 0 0 0 0 0 0 209 0 0 0 0 0 70 0 0 0 0 0 150 0 0 144 0 0 0 0 0 0 0 0 0 0 0 0 0 0 0 0 0 0 0 0 0 0 0 86 103 0 0 0
0 0 0 0 0 0 0 0 0 0 0 0 0 0 0 0 154 0 0 0 0 0 0 0 0 0 0 0 0 0 0 0 74 0 0 0 0 0 0 0 0 0 0 0 0 40 51 0 60 55 0 0 0 0 54 0 75 109 0 0 0 122 0 0 0 0 0 0 0 0 0 0 0 162 0 170 175 0 0 0 0 0 0 0 0 0 0 149 0 0 66 72 0 0 0 0 0 0 0 0 0 0 0 0 0 0 0 0 0 0 0 0 0 212 0 213 0 165 0 0 95 0 91 0 0 0 0 0
0 0 0 0 0 0 0 0 134 0 0 0 0 0 159 0 0 0 41 0 0 0 0 0 0 0 0 0 0 0 0 0 0 64 0 0 0 0 0 0 0 0 0 0 0 0 40 0 0 0 47 0 0 0 0 60 0 0 0 0 98 0 0 135 132 0 139 0 0 0 0 0 153 0 0 0 0 175 180 0 189 0 0 204 0 0 0 0 0 0 0 0 0 0 0 0 147 0 0 0 0 0 0 0 0 0 0 0 0 0 0 0 0 213 0 0 0 0 0 0 0 0 0 0 104 0 0 0
38 0 0 0 0 0 58 0 0 0 0 0 0 0 163 0 0 83 0 0 0 0 0 0 47 0 102 0 0 0 0 0 71 0 0 0 0 97 109 121 0 0 0 0 0 0 0 0 0 0 0 0 0 0 0 54 0 0 0 0 0 0 0 0 0 134 0 0 0 0 0 0 0 0 0 0 0 0 0 0 0 0 0 0 206 0 0 0 0 0 0 0 49 0 0 0 0 145 0 0 0 0 0 138 0 0 128 0 0 0 0 0 0 0 0 211 175 0 0 0 0 0 0 0 89 0 105 0
0 0 0 0 169 143 0 56 0 0 0 0 0 0 0 0 0 0 0 0 0 0 0 0 0 0 107 0 0 0 0 82 0 0 0 0 0 0 101 0 0 0 0 107 0 0 0 0 71 0 0 0 62 0 0 0 0 0 87 0 96 0 0 0 0 0 0 0 0 0 0 0 0 0 0 0 0 172 0 0 0 0 198 0 208 211 0 0 0 0 0 0 0 0 0 149 0 145 0 0 0 0 0 0 0 131 0 0 0 0 0 0 0 0 0 0 0 0 95 0 0 0 0 0 0 0 0 101
35 55 0 169 0 0 0 0 0 0 0 177 0 0 169 0 0 78 0 0 0 0 0 0 0 0 0 0 0 0 0 0 0 61 0 0 0 0 0 0 0 0 0 0 0 0 0 0 0 0 49 0 0 0 50 0 0 0 0 51 96 0 0 0 0 139 0 0 0 0 0 0 148 0 0 0 0 170 0 0 186 0 0 0 0 210 0 0 0 0 0 0 0 0 0 0 149 0 0 0 0 0 0 0 0 0 0 0 0 0 0 0 0 0 0 0 107 90 93 0 109 0 0 0 97 0 0 0
0 0 0 0 172 0 0 0 0 0 0 0 0 0 0 0 0 0 0 57 0 0 0 0 0 0 0 0 50 0 0 0 0 0 0 0 0 0 0 0 0 0 0 0 0 0 40 0 63 0 0 51 0 0 0 83 0 128 0 0 0 0 0 0 0 0 0 0 0 0 0 0 0 0 0 160 0 0 0 0 0 0 0 0 0 0 0 0 0 0 95 0 0 0 0 149 0 0 0 0 139 138 0 0 0 0 119 0 0 0 0 0 0 0 0 0 0 0 0 0 114 0 0 0 0 0 0 0
0 0 0 0 0 0 0 48 131 0 0 0 0 181 0 0 0 0 0 0 0 0 0 46 0 96 0 0 0 0 0 0 0 0 0 0 0 0 0 0 0 0 139 0 0 0 0 0 0 57 0 0 0 0 0 0 0 0 0 0 0 0 0 0 0 0 0 0 0 0 0 0 0 0 0 158 0 0 0 0 0 0 0 0 0 0 0 0 0 0 148 21 0 0 0 0 0 0 0 0 0 139 0 0 0 0 0 175 0 0 0 0 0 0 0 122 100 0 0 0 0 0 0 0 0 0 0 0
0 0 0 165 0 0 69 0 0 0 0 0 172 0 0 0 0 65 0 0 0 0 56 73 0 73 0 0 0 0 0 0 58 0 0 0 0 0 0 0 0 0 0 146 0 0 0 0 0 0 0 56 0 0 0 0 0 128 85 0 0 128 133 0 0 0 0 0 0 138 0 141 0 0 0 0 159 0 0 0 0 0 0 0 0 207 210 0 0 0 0 0 0 0 0 0 0 0 0 0 0 0 0 0 0 0 0 0 0 207 207 216 0 0 0 0 0 0 0 0 0 0 91 101 0 0 0 0
31 0 98 0 0 0 0 0 125 0 0 0 175 0 0 0 0 0 0 0 0 0 0 0 0 70 0 0 0 0 0 0 53 0 0 0 0 0 130 0 0 0 0 0 0 0 0 105 0 84 0 0 0 0 93 0 0 0 0 0 0 0 0 0 0 141 138 0 0 0 0 0 0 0 0 0 0 0 0 170 0 185 191 197 0 0 0 212 213 216 220 0 0 0 145 0 0 0 0 0 0 0 0 0 0 125 0 0 0 0 0 0 0 0 0 116 0 0 99 0 0 0 0 0 0 0 0 0
0 0 0 0 0 0 0 0 0 0 0 178 0 0 0 0 118 50 0 0 0 0 0 0 0 0 0 0 0 0 59 0 51 0 84 0 0 0 0 0 0 0 0 0 0 0 0 0 0 79 61 0 0 0 0 0 129 0 0 0 0 0 135 0 0 0 0 137 0 0 0 0 0 0 148 0 157 0 0 0 0 0 0 0 0 0 0 0 0 0 227 0 0 0 149 0 143 0 0 0 0 0 137 0 0 0 131 0 0 0 0 0 0 168 0 0 108 0 97 0 84 0 0 0 0 0 0 0
0 0 76 0 172 0 0 0 122 0 0 0 0 0 164 0 0 0 0 0 0 0 0 0 0 0 0 0 0 0 61 0 0 70 0 0 0 0 123 0 0 0 0 0 0 0 0 0 0 48 0 0 0 0 0 0 0 113 0 0 0 135 0 0 0 0 0 0 0 0 0 0 142 0 0 0 0 0 0 0 172 0 0 193 0 0 0 0 0 0 0 0 114 0 0 0 0 0 0 0 142 0 0 133 0 0 136 0 0 0 0 0 0 0 0 0 0 0 0 0 0 0 0 0 90 95 0 0
0 0 0 0 0 0 0 0 0 0 0 0 0 0 0 150 0 0 0 0 0 0 0 0 0 0 59 0 0 56 0 0 0 0 0 0 0 0 79 0 0 0 0 160 0 46 0 0 0 0 46 0 0 0 0 0 0 0 0 0 0 0 0 0 0 0 0 0 138 136 0 0 0 0 0 0 0 156 0 0 0 0 0 0 0 0 0 0 0 0 216 0 0 124 0 0 0 0 0 0 0 0 0 137 138 146 0 0 131 0 0 0 0 0 0 0 0 0 0 0 0 0 0 0 0 0 0 0
0 33 65 0 0 0 0 0 0 0 0 0 0 0 169 0 0 0 0 0 51 0 46 0 0 0 0 0 0 0 0 0 0 58 0 0 0 0 0 0 0 0 0 0 0 53 0 0 0 0 0 0 82 0 0 0 0 0 0 0 135 0 0 141 0 0 0 0 0 0 0 0 0 145 0 0 0 154 0 0 0 0 0 189 0 0 0 0 0 0 0 0 0 82 80 0 0 0 115 0 0 0 0 141 0 155 144 132 138 0 0 0 0 0 0 0 0 0 0 0 0 0 0 0 102 0 0 0
0 0 0 0 0 0 0 59 112 0 0 0 0 0 0 149 0 88 0 44 0 0 44 0 0 0 0 0 61 46 0 0 0 0 0 0 0 0 0 62 0 0 0 0 0 0 0 0 0 41 0 0 99 120 116 0 0 0 0 0 0 0 0 0 0 0 142 0 0 0 0 0 0 143 145 0 0 0 158 0 168 170 0 0 0 198 0 0 0 0 0 227 166 0 0 0 0 0 82 0 0 0 0 0 148 0 0 0 149 0 0 0 0 105 0 76 0 0 0 100 0 94 0 0 103 0 0 0
38 0 0 0 0 0 131 0 109 157 0 0 0 0 0 0 0 0 0 0 0 0 0 62 0 0 0 0 0 58 0 0 0 0 0 0 0 0 0 0 0 0 39 0 0 0 46 0 0 0 0 0 0 0 0 0 0 0 0 0 0 0 0 0 0 0 0 0 0 0 0 0 0 0 0 0 0 0 156 159 0 0 0 0 0 0 0 0 0 0 0 0 0 0 0 0 89 83 0 0 62 0 60 0 0 0 0 0 0 0 0 0 0 0 0 0 83 0 0 0 0 0 0 0 0 0 0 53
0 0 0 0 0 0 0 0 0 0 171 0 0 0 0 131 0 0 0 0 0 0 54 0 0 0 0 0 0 0 0 0 0 0 0 0 0 0 0 0 0 0 41 0 44 0 0 0 0 0 0 0 0 0 0 62 0 0 0 0 137 0 0 0 0 0 0 0 141 0 0 0 0 0 0 0 0 151 0 157 0 0 0 180 0 0 0 205 0 0 0 0 0 0 91 106 102 0 0 77 64 0 0 0 0 0 0 0 0 0 0 0 0 0 0 0 0 0 0 0 87 0 0 0 0 0 0 0
0 88 0 0 0 0 0 0 0 0 0 0 0 0 0 128 0 0 0 0 0 0 0 0 0 0 0 0 0 0 0 0 0 0 0 0 0 0 0 0 0 0 0 0 0 0 0 0 45 0 0 110 0 0 0 0 0 0 0 0 0 0 0 0 140 142 0 0 0 0 0 0 0 0 0 0 0 148 154 0 0 0 0 0 0 0 0 0 0 209 0 212 225 0 0 108 108 0 0 0 79 0 0 0 0 0 0 0 192 0 0 0 0 0 0 0 0 0 100 0 0 0 0 0 0 0 65 0
0 0 0 0 0 0 0 0 0 0 0 0 0 0 0 0 0 0 0 0 0 0 0 0 53 0 0 0 0 0 0 0 0 0 0 0 65 0 0 0 0 0 0 0 0 0 0 0 0 0 0 0 115 0 0 0 123 0 0 0 0 0 0 0 0 0 144 0 144 0 0 0 0 0 0 140 0 0 0 0 0 164 0 0 0 0 195 0 0 0 0 0 0 0 0 0 109 0 0 0 0 0 0 0 0 0 0 0 0 0 0 0 0 0 0 0 0 0 0 0 0 0 0 0 0 79 0 0
0 0 0 0 0 0 156 0 0 0 0 0 0 182 0 0 0 68 0 0 0 0 0 0 0 0 0 0 58 0 0 0 0 0 0 0 0 0 101 0 68 0 0 0 0 0 39 0 0 0 0 79 0 0 0 0 0 0 0 0 0 0 0 0 0 0 0 0 0 0 0 0 0 0 0 0 0 0 0 0 0 0 0 0 0 0 0 197 0 207 0 0 0 0 97 0 0 0 0 97 0 0 0 0 0 0 216 0 0 90 0 0 73 0 0 0 0 90 0 0 0 0 0 0 0 0 0 0
0 95 0 0 0 0 0 99 0 0 0 0 0 0 0 0 0 0 0 51 0 0 0 0 64 0 55 0 63 0 0 60 0 0 0 0 0 0 0 0 0 0 0 0 0 0 0 0 0 0 0 0 84 0 0 124 125 0 0 0 0 0 0 0 0 0 0 0 0 0 0 0 0 0 0 0 141 0 0 0 0 0 0 0 0 0 0 0 0 0 0 0 0 0 126 80 0 0 0 0 0 0 0 0 0 0 0 143 0 73 0 0 0 0 0 0 92 0 0 0 0 114 0 0 0 0 70 0
0 0 0 0 0 176 0 0 0 0 0 0 0 0 0 0 0 0 0 0 0 61 0 0 70 0 0 0 0 68 0 0 0 0 64 50 0 0 0 0 0 0 0 0 0 0 0 0 0 0 88 0 0 0 0 0 128 0 0 0 0 0 0 0 141 0 0 144 0 0 0 0 0 0 0 142 0 143 0 0 0 158 0 0 0 0 187 0 197 0 0 0 0 0 0 74 0 0 0 0 0 0 0 0 0 0 0 0 0 0 0 0 0 0 0 0 0 0 0 0 0 0 0 0 0 0 0 0
0 0 0 0 0 0 0 0 0 0 0 0 181 0 177 0 0 58 0 0 0 0 0 0 75 48 0 0 0 63 0 109 0 0 0 0 0 0 0 0 0 0 0 0 0 0 0 78 0 0 0 0 0 124 0 0 0 0 0 0 0 0 0 0 0 0 0 142 0 0 0 0 0 0 143 0 0 0 0 0 0 0 0 165 0 177 182 0 0 0 0 0 0 0 0 78 0 98 0 0 0 0 0 0 0 0 0 0 0 0 0 0 0 99 0 76 0 0 0 0 120 0 0 0 0 0 0 0
0 0 0 0 0 0 0 0 0 0 0 0 0 0 174 0 58 0 53 0 0 0 0 0 0 0 0 0 0 0 0 114 0 0 0 0 49 0 0 0 0 0 0 0 0 0 0 0 0 0 0 0 0 0 0 0 0 0 0 132 0 0 0 0 138 0 0 0 0 0 0 0 0 0 0 146 0 147 0 0 0 0 0 0 169 0 0 185 0 198 0 0 0 0 0 0 0 0 0 0 0 0 119 0 0 0 0 0 0 0 0 0 0 0 0 0 0 77 0 121 121 0 0 65 56 0 0 0
0 0 0 0 0 0 0 165 0 0 171 0 0 0 0 0 0 0 0 0 0 0 0 0 0 0 71 0 0 0 0 0 0 0 0 0 0 80 0 0 0 0 0 33 53 0 92 0 0 0 0 0 123 0 0 127 0 0 0 0 0 0 0 0 0 0 0 0 0 0 0 0 0 0 0 0 0 0 0 0 0 0 0 0 0 0 0 0 0 196 201 0 0 0 0 129 0 0 0 0 0 0 0 0 0 115 0 0 0 0 0 0 0 0 0 0 0 0 123 127 0 0 68 0 0 0 0 0
48 0 0 0 183 0 0 0 0 149 0 0 0 0 0 0 0 0 0 54 0 0 0 0 0 61 109 0 0 0 0 0 0 0 0 0 0 0 0 47 0 0 0 0 73 0 94 106 0 0 0 0 0 0 0 0 0 0 0 0 0 0 136 0 136 0 141 0 0 0 0 0 147 146 0 0 0 0 0 151 156 0 0 0 0 0 0 0 0 0 0 202 0 0 0 0 0 92 0 0 109 0 0 127 0 123 0 0 0 0 0 0 0 0 0 0 0 0 0 0 0 69 53 0 0 0 0 0
