162 161 162 158.498 158 156 155 154 156 160.954 167 172 171.97 164 149 118 96.9362 97 103 106 107 108 109 109 109 106 111.041 117 120 123.936 126 128 132 130 134 130 129 130 132.998 132.998 132.998 132.998 133.499 134 134 132 132.499 133 135 136 0 0 135 132 131 131 132 133 132 131.916 134 135 132 133 137 129 132 131 129 132 127.124 129 130 129 127 128 123 121 104.999 105 112 133 143.022 154 161 158 151.999 152 154 153.666 157 154 153 152 153 153 156 156 159 154 162 202 214 218 215 157 105.998 105.998 117.061 121 120.666 120 124 121 120.999 121 123 125 126 122 125 127 125 123 117 117 166 167
160 160 160 156 155 154 154 154 155 161 167.049 172 172 163 144 116 93.0612 93 103.082 106 105 105 105 106 106 108.915 111 117 120.061 124 127.874 126 131 130 131 130 130 131 132.998 133 133 132.998 133 133.499 134 132 132.499 132 133 133.099 0 0 134 132 130 130 132 132.333 129 129.082 133.166 133 131 132 136.966 130 130.166 130 131.916 129 127 129 130 129.666 128 126 122.899 120 104.999 105 109 129 143 153.976 159 158 151.999 152 153 154 155 154 152.499 152.499 153.333 154 155 155.666 156 155 155 194 214 217 188.901 176 105.998 106 117 120.936 121 121 123 122 121 120.999 125 124 124 122 124 126 126 123.099 119 127 131 101
157 156 157 155 155.333 155 154 154 155 163.168 170 171 170 160 138.989 115 91.4986 91.4986 98 103 106.499 106.499 105 104 103.499 103.499 111 116 121 121.523 125.166 126 127 129 129 130 132 130 130 130 131 133 133 133 132 131 132 133 132 131 131 131.499 131 132 129 129.666 131 131 128 130 132 131 130.166 130 130.666 131 129 129 128 128 127 127 128 128 127 126 123 119 114 109 104 116 136 134.059 156 160 156 153 155 157 155 156 156 155.999 155 154 154 152.124 154 154 149 166 206 214 218 211 142 100 112 117 120 121 121 121 119.099 122 121.666 122 123 124 124 126 125 130.377 132 105 53 40
158 156 156 156 156 155 153 153.666 161 167 169 169 166 157 139 115.009 92 91 98.0488 103 106 107 106 103 103 104 111 115 119 123 125 127 127 128 129 131 131 130 130 130 131 132 132 134 132 131 133 132 131 132 131.499 132 132 131 130 130 130.999 131 129 131 134 135 132 131 130 131 131 129 129 127 128.874 129 128 128 128.899 129 124 122 115 113 104.02 115.978 128 145 153 156.033 155.511 158 158 161 161 159 155.999 156 154.333 154 154 152 152 153 152 149 186 213 217 221 190 115 106 113 118 118 121 121 119 121 121 122 123.666 124 124.166 125 130 134 100 54 46 50
157 156 156 157 157 156 155.055 159 165 167 167 166 164 154 140 116 92 90 99 102 106 107 105 103.165 103 104 111.049 116 119 123 124 126 128 129 129 131 131.874 132 132 130 132 132 132 133 134 132 132 131.499 131 134 132 132 132.928 133 133 130 130 129.166 128 131 134 136 134 132 131.333 132 130.928 127 127.099 130 126.666 127 130 130 128 128 126 122 117 115 109 103 117 124.838 150 157 162 162.333 160 160.333 163 161.166 158 159 157 154 155 154 151 152 152 148 159 202 214.488 219 217 159 101 118.644 115 118 121 123 123 122 125.124 125 126 128 136.497 133 136 94 48.0289 45 49 47
155 155 157 156.666 158 156 155 160 166 165.166 165 165.166 163.973 155 142 120 92 92 98 101.927 107 104 104 103 103 105 111 115.949 119 122.936 124 125.874 127 129 130 130 130 130 130 130 130 131 131 133 133.899 131 131.499 131 131 131 130.124 130 130 129 129 130 131 129 127 129 132 135 134 131 131 131 131 128 129 127 127 126 127 127.082 127 128 125 124 121 113 106.497 105 111 133 150.038 156 162 163 161 160 162 161 160 156 157 155 154 152 152 151.666 151.937 148.062 144 177 212 217 221 164.336 124 105 115.099 117 122.874 121 122 121 126.874 127 129 130 135 139 95 48 48 52 47 51
156.124 156 158.666 158 158 157 158 165 166.523 166 162 159 161 157 141 113.008 88 88 97 103 105 104 105 103 102 107 109 113 120 121 123 126 129 128.874 128 130 129 128.874 129 129.333 130 129 129 129.333 131 128 130 133 135 131 127 126 125 126 127 127 127 126 127 126 128 129 132 131.899 131 132 128 127 128 127.998 126.666 127 128 126 126 128 124 123 122 113 109 106 114 130 146 156 160.998 160.998 163 160 159 158.999 157.166 157 155 156 153.099 153 153 155.899 151 150 146 145.963 199 216 220 221 174 103 104.022 114.976 122 122 123 121 121 124 126 133 137 91 52 47 44 47.962 50 54
158 158 159 159 159.899 160 165 169 168 164 159 161.916 162 159 141 113 89 88.3324 98 103 106 106 105 103 102.049 106.949 109.061 112.936 119 122 123 125.916 127 127 128 129.874 127 127.124 130 129 130 131 130 129 131 129 128 130.484 134 132 124.099 124 122 122.07 125 128 125 125 125 125.166 129 129 129 130 132 131 127.333 127 127.998 127.998 127 126 125 127.899 126.124 127.874 127 122 120 115.47 111 108 115 131 143 152.058 160.998 161 161 159 159 159 159 158 156 156 156 155 156 154 152 150.166 149 142 171 194.344 216 222 213 140 104 115 121.999 122 122 122 122 123.899 130 136 91 42 45 49.5041 47 50 50.0601 53.9351
158 158 159 161 161 164 168 168 168 163 159 158 162 156.045 141 114 91 92 98 102 106 106 104 102 102 105 110 113.936 118 122 122 124 123.998 123.998 128 129 125.874 124.124 128 130 130 129 130 129 129 131 129 130 132 129 127 124 122.166 122 124.333 125 127 125 123 123 126 129 129 129 132 130 126.998 127 127.166 128 127 125.166 127 126 127 126.999 126 123 119 114 111 108 115 114.499 140 150 156 152.071 160 158 158 159 156.333 157 157 157 157 156 156 155 154 152 151 144 145 144.998 210.024 220 224 196 116 106 115 117 122 120.099 125 129 134 93 44 44.518 54.9628 51 52.8726 51.1226 51 54
160 159 162 162 164 168 167 166 165 161 158 160 161 156 139 113 86 87 97 101.943 103 102 102 103 103 104 110 114 118 120 120 123 124 123.998 126 129 126 124 126 129 129 129.333 126 129 130 131 128.166 128 129 128 126 125 124 123 124 124 124 121 121 122 125 128 129.333 130 131 130 126.998 126.998 129 127 126 125 126 127 126.999 127 126 122 118 118 114 108 114 114.499 139 147 152 155 157 158 157 157 156 156 157 154 158 156.166 155.333 155 153.899 151 149 146.487 144.998 144.998 210 220 222 221 158 98 111 114 120 123 128.618 134 90 43 42 46 54 57 53 51 50 48
161 160 160 159.998 169 158.022 162 160 160 161 160 160 161 156 139 111 85 87 97 104 103.124 103 103 103 102 103 108 111.497 120 119.666 121 123 125.899 123 126 125 124 126 128 129 128 127 128 129 130.874 129 129 129 129 127 125.082 128 124 123 121 118 119 117 115 124.539 127.626 125 128 130 129 127 127 126.666 128 130 126 126.082 126.666 126 126 127 124 122 117 116 115 109 114 126 138.471 145 149 148.999 155 151.062 156 155 155 155 153.166 153 153.499 153.499 155 153 150 147 143.666 144 140.499 141 189 218 221 225 205 121 101 111 113 121 133 93 44 43 47 51 59.9523 54 52 47.0475 46 46
162 160.166 159.998 159.998 169 158 155 153 154 162 161 159 160.944 157 141 113 86 87 97 102 104.874 105 104 103.333 105.927 106 110 114 119 120 123 124 124 126 127 125 126 124.124 128.666 129 128 125 130 130 131 129.124 127.124 127 130 127.099 125 127.916 134 133.975 137 156 159 156 155 148 133 121 115 118 123 125.498 126 127 129 131 129 128.916 127 127 127 126.666 125 122 118 115 114 108 112 124 136 143 148.999 149 151 155 154.166 154 153 153 154 155 154 153 153 150 147.485 145 144 143 140.499 140 204.078 207 219 223 223 168 102 110 115 126 132.993 93.0051 45 46 50 55 60 55 51.9475 47 46 47
162 160 167.099 170 165 152 135.027 144 152 163 161 161.499 164 157 142 115 84.0985 87 95 101 104 105 103.999 104 105.999 106 112 113 119 121 122 125 126.874 125 126 126 128 129 129 129 129 128 129.943 130 131 128 127 125 134 143 145 143.124 148 148.062 167 173 181 179 173.02 185 183.949 179 158 192.992 116 116.003 123 125 129 130 126.124 127.874 126 126 123.999 123.999 119.166 120 119 114 112 108 110 123 137 144 144 145 149 152 153.666 154 153.899 154 153 154 154 151 149 148.937 144 143.999 143 142 142 141 142 182 215 220 226 213 136 107 125 86.2297 42.0472 42 45 46 53 55 57 56 45 47.5066 47 46.0099
160 161 167 169 159 144 135 143.971 152 164 162 161.499 165 158 139.569 113 84 86 93 99 102.099 102 103.999 104 105.999 106 116.943 117 119.124 120.874 122 125 127 125 124 128 128.499 128.499 128 128.666 128 125 125 126 128 128 129 141 145 153 143 145 152 151.937 165 169 179 180 173 184.978 179 184 158.006 193 178 177.995 112 117 125 126 126 128 126 126 124 124 121 119 116 114 113 107 110 125 139 145 145 144 147 149 153 154 152 151 152 149 151.966 148 145 145 144 143.999 140 141 142 141 138 148 200 220 224 228 192 125 95 45 46.9472 47 48 51 55 52 50 50.0362 50 48 46 45
160 167.052 171 163 151 131 121 137 156 165 165 165.499 165 164.999 143 112 81.1651 83 94 97 99 100 101 100 104 103.499 111.497 115 118 120 122 124 122.166 124 124 122.099 127 126 129 126 125 130 137 143 137 124 135.553 142 131.022 142 145 150 149 149.099 159 165 169 174 175 178.928 178 184.964 186 190 191.027 200 170 121 111 124 124.998 125 124.943 125 123 123 119 116 114 113 109 106 111 124 139 145 146 144 146.124 147.874 150 152 152 148 147 146 145 146 145 144 142 140 140.499 140.499 141 141 142 134 167 216 221.055 226 228 148 42 42 47.1224 47 53.6651 54 52.9618 46.0332 48 50 52 48 46 48
163 171 168 157 140 138.677 108 140 158.46 167 166 165.499 165 164.999 142.991 112.007 82 81 90 94 99 98 99 100 103 103.499 109 113 117 119.899 122.523 120 122 123 122 125 126.333 126 124 129 137.232 144 142 134 134.55 122 126 135 131 141.976 141 142 151 152 161 162.498 166 168 176 179 178.035 185 187 189.928 191 199.972 203 191 144 110 124.998 124.998 120 121 121.124 121 118 115 110.07 110 107 103 108 123 138 144.961 147 144 146 148 146 148.498 151 152 143.071 143 145.333 145 146 143 143 143 140 141 141 140.999 143 134.029 141 192 221 225 234 156.141 29 45 48.8724 49 54 53 53 46 47 55 47 46 49 54
169 174 162 150 98.9808 85 104 140 159 167 165 164 165 158 142 115.913 79 77 87 93 95 97 99 101 103.899 104 105 107.484 115 116 118 118 124 123 124.499 125 125 124.999 141.452 151 109.02 121 121 119.099 122 121 128 134 128 132.943 136 132.062 144 141.082 155 154.619 169 173 177 185 186 184 188.874 187 188 194 195 198 199 166 114 104 118 117 110.03 118 117 113.061 111 110 106 102 107 124 140 148 150 146 145 144.998 145 144 147 152 147 147.124 141 143 145 143 143 143 141 141 142 145 144 144.166 140 157 194.516 233 168 42 40 44 48 55 54 56 47 44 51 45.0392 45 47 54 43
173 169.055 146.917 139 99 85.0165 106 137 157 164.531 166 164 164 155 139 112 77 77 87.0403 93 98.4965 101 100 100 101 102 107 110 115 115.333 116 118 120 120 124 124.499 125 124.999 129 122 109 121 119 122 124 121 129 133 129 133 135.937 132 143.916 141 151 160 172 175 176 179 182 184.523 189 187.124 191 191.967 197 195.099 193 206 193 126 102.015 102 110 117.968 116.936 113 110 110.333 108 104.497 107.014 123 142 150 152 150 144.998 144.998 140 140.055 138 146 149 148.874 141.124 142.874 146 144 142.666 142 142 143 144 144 145 146 148 147 193 165 53 152.929 46 46 49 54.959 55 50 49.0389 53 51 45 48 65 47 26
172 164 149 114.208 81 78 109 137 158 157.999 167 164 164 156.033 140 110 77.165 78 89 95 99 101 99.6658 99 99 101 106 109 114.166 115 115 119 119.998 120 122 124 122.03 130 141 128.213 116 111 113 119 125 125 128 128 134 137 134 135 138 140 147 154 162 166 174 181 183 187 192 191 193 195.899 191.958 196 196 194 204.02 215.979 138 105 93 107 111 110 104.484 107 103.927 101 104 122 144 152.971 155 154 150 143 128.984 112.014 128 127.999 150 147 143 145 148 144 142 142 143 145 145 147 147 149 149 153.525 132 50 41 45 44 53 53 51 48 43 56 54 48 50 64 59 139.547 84
165 156 135 95 82 82 109 136.99 158 157.999 164.099 166 163 156 140 110 77 79 88 97 100 99.1654 100 100 101 102 106.07 110 114 116 114 118 119.998 119.998 123.899 121 122 129.968 127 109 107 110 119 113.041 122 126 124 131 128 131.952 138 136 138.124 139.874 149 150 157 169 179 176.488 186 185 191.333 191 194 196 193 188 194.124 196 204 216 226 219 120 86 107 106 102 104 104 100 104.012 123 144 153 156 155 153 147 129 112 127.999 128 149.916 147.082 145 145 147 144 143 142.333 144 143.166 144 146 147 149 156 147 119.69 41 46 44 48 53 49.494 47 44 47.9416 54 48 47 49.8973 69 33 72 156
160 146 112 82 84 86.5215 109 140 157.026 166 167 168 163 156 138 110.008 78 78 90.0487 95 99 100 100 100 101 103 107 108.497 114 115 116 120 122.499 123 121 123.523 127 126 106.082 109 112 114.498 118 119 123 119.498 122 125 126 132 133 133.062 133 141 140.024 150 159 169 183 185 186 186 188 191 197.236 182 190 201 209 212 215 211 224.451 234 201 84 91 103 99.522 101 96.8737 97 103.432 123 142 152 154 154 153.998 153.998 133 103.91 85 106 132.932 148 148 143 146 145 143 144 144 143.499 145 147 148 160.98 157 87 39 39.1634 44 49 52.1642 52 51 44 51 51.3732 49.0227 58.9727 54 77 59 66 160.548 163
151 128 89 84 88 86 109 139 157 167 168 167.666 160.525 154 137.99 110 82 81.9359 90 95 98 100 101 104 100 102 105 111 114 115 117 119.927 122.499 122 123 125 110.014 110 106 108.916 116 118 121 121 121 117 119 127 130 137 137 136.937 136 139 140 149.974 158 167 179 181.499 187 193 176.927 173 187 204 200.937 209 209.485 207 207 209 208 215 231 165 76 92 97 99 95.1237 95 101 121 140 153 154 153.999 154 153.998 136 100 59 78 122 140 148 146 145 146 143 143.333 143 143.499 146.874 145 148 161 114 39 40 41 49 55 54 53 43 50.9639 55 46 49 59 64.9313 69 74 132 151 149
138 117.601 82 88.7747 88 86 108 138 156 166 167 166 165 156.029 135.99 109 80 79 96.4964 95 96 101 102 101.874 100 102 108 109 114.082 117 117 121 121 121 122 126 112 107 110 113 119.499 120 118 118 120.626 118 124 127 132 138 136 138 141 143 143.998 143.998 154 164 176 182 159.998 159.998 175 199 212 207.375 206 204.499 207 206 204 207 209 209.124 220 230 136 71 91 94 96 94 101 120 140 152.979 156 154 152 153.899 139 139.499 55 53 82.0061 115.991 145 149 144 145 143 143 145 145 144 146 156 81.0023 57 51 46 48 56 54 43.0473 48 47 58 49 46 54 67 73 81 153.957 154 145 139
115 86 88 93 88 85 106 138 158.465 164 166.333 166 164 156 136 109.008 80 79.6656 93 99 98 98 100 100 100.099 103 105 109 114 117 117 119 121.749 122 126 117 107.044 113 114 114 119 119.499 117.999 117.999 114 126 129 126.511 132.041 137.957 141 144 147 141 143.998 144 152 169 176 160 160 159.998 208 203 202 208 208 202 198 203 205 211 211 211 226.778 225 93.3879 102 67 84 89 91.4859 99 122 141 153 156 153 154 151 140 139.499 54 42 82 116 138 148 148 147.928 143 143 144.999 145 145 150 155.996 81 36 49 47 52 53 53 48 43 51.2162 52 48 51 55 68 111.071 122 148 148 141 156
91 85 90 92 90 85 106 135 162.998 163 166 167 164 155 137 136.999 80 79 91 98 100 100 99 99 101 104 105 109.949 114 118 116 116.07 121 126 126 113 114.899 112 111 116 118 117.899 117 117 121 127 128 138.976 137 135 143.949 144 142 137 140 145 158 157.984 181.784 164 196 205 204.999 205 202 201.944 196 197 202 201 202 203 204 208 209 212 221 211 137 70 80 86 94.4252 121 141 153 155 154 153.124 154.874 140 109.423 56 43 96.9974 97 126 132.963 149 145 141.166 142 144 145 148 158 115 41 38 43 55 58 55 50 47.9948 47.9948 55 45 53.9247 56 60 69 144.082 147 150 141 163.099 165
86 90 91 92 91 87 105 135 162.998 162.998 166 167 164 155 137 136.999 81 77 89 95.5236 98 99 100 99.3325 102 102 105 110 114 117 119 120 118 131 117 120.629 113 115 112 114 115 116 119 121 129 130 128.022 139 141 138 139 139 136 133 140 144.949 141 141.014 178 201 194 196 204.999 204.999 197 198 197 196.666 201 204 205 206 207 208 210 210 212 220.973 86.4475 149 82.0415 77 92 119 141 153 154.333 154 153 155 138 107 61 49.7617 96.9974 96.9974 126.035 133 146 148 143 141 145 147 154 141 56 37 43 48 56 55 55 47 48 47.9948 50.3707 51 55 53 61 107 144 146.916 143 147.525 166 163
91.4986 91.4986 93 92 91 89 109 130.65 153 162 165 164 162 158.062 138 110.008 82 77 90 95 96 96.0987 102 101.666 99 101 104 109 113 113.166 119 112 131 141 99 104 108 115 113 113 113 113 119 123 130 133 143 142 136.478 142 137.963 138 133 132 132 162.991 155 155.006 193.632 199 193.964 187.035 190 189 196.524 196 203.524 203 204 205 206 206 208 206 208 206 209.958 211 225.083 225 102 59 78.9074 117 140.448 152 154 154 154 151 138 111 63 47.4322 43 43.0805 80 122 139 144 163.99 137 142 149 85.9922 86 44.1637 45 47 52 55 55 52 46 56 51.9539 48 54 52 76.9881 142.041 148 145 136 161.998 161.998 165 164
91 92 92 92 90 87 105 136 154 162 164.499 164.499 161.937 158 139 110 81 79 92.5098 93 98 99 101 102 100 99.1654 107 110 114 115 113.553 104 162 148.3 96 100.037 111.032 111 112 115 118.957 119 123 124 128 130.484 139 132 134 140 141 134 128 128.055 132.007 163 192 193 185 189 194 187 187 191 194 198 201 205 204 204 204 206 204 204 204 204 206 214 227.916 228 194 76 75 114 138 150 154.333 155 153.899 152 137.99 110 65 45 46 45.9139 51 84 143.22 150 164 137.008 144 153 43.0039 43 44 46 52 47.0475 55.3318 56 49 49.9623 53 48 57 52 52.0081 77 142 147.957 136 144 161.998 162 163.166 163
93 91 88.4986 88.4986 88 85.4857 103 136 162.998 162.998 165 163 164 158 138.99 111.008 81 80.9529 88.9972 88.9972 94 98 100 96.0612 105.936 106 108.927 109 112 115 108 116 189 114 102 105 108 112 113 110 118 120 125 129.038 134 137 138 133 127.998 127.998 131 121.448 113 131 175 191 185 186 190 189.966 178 182 193.035 200 198 196 199 204 204 202 202 202 200 200 206 210 206 210 212 218 238 137 59 114 138 150 152 153 153 153.749 140 139.499 63.9843 45 47 45 27 69 178 212 205.161 195 207 207.01 54 41 48 50 56 54 55 50.0477 53 53 47 56 52 42 61 128 153 138 141 164.989 162 160 159 158
92.8986 90 88 89 90 83 101 134 162.998 163 164 163 163 157 139 111 76 75 88.9972 89 95 96 99.9362 96 102.061 102 105 106 110 112.484 97 148 188 104 101 106 110 114 114 110.07 117 119 128 133 138 132 137.949 133.049 127.998 128 108 115 147 179 183 185.938 176 175 182 183 184 187 193 199.964 195 197.899 197 197 197.471 195 198 204 204.949 205 203 208 207 208 208 211 198.862 193 67 103.072 138.021 149 153 154 154 153 139 139.499 64 45 29.43 27 80 42.0682 212 197 208 223 230 229.989 68 38 47 53 55 54.1643 55 50 54 51 51 59 46 45 96.7267 154 143 141 141.01 165 160 161.874 158.499 158.499
89 90 92 94 93 86 103 133 151 163 166.999 166.999 163 157 138 108 75 72 82 92 96 99 99 98 100.165 101 105 107.915 112 112.666 98 179 177 107 99 107 107 115 108.027 117 117 125 132 131.971 123 120 133 132.954 115.047 112 117 158 169.443 179 166 172 179 175 174 180 188 187 191 192 194 196 189 188 193 193.055 202 205 201 200 199 202 204.999 205 205 207 229.974 230 128 165.517 137 151 155 155 155 153 139 105 37.4911 34 30 116 177.015 193 190 199.543 221 221 221 243 125 30 48 50.9259 55 53 50.9259 51 49 48 54 54 46 88 149 148 140 155 158.083 161 160 159 158 157.999
92.9272 93 93 92.1653 96 89.9469 103.007 132.991 152 165 167 167 165 156 138 107 77 75 84.4538 94 98 99 101 100.899 100 102 105 108 113 113 110 199 163 97 100 106.965 112.517 109 108 117 123 119.478 123 123.027 124 130 128 127 109 119 148.601 181 171 164 169 170 175 180 174.041 179.958 190 191 186 188 189 185 189 198 197 198 193 200 200 199 202 205 204.999 205 207 206 220.024 220 204 100 125 152 157 157 156 151 135 100 36 40 151 78.1068 177 192 221 214 210 209 207 238 156 31 47 51 53 50 48 47 44 44.0529 56 49 62 137 148.499 148.499 150 161 158 160.916 159 158 158 158
95 96 98 98.1237 98 95 132.998 132.998 152.019 165 168 167.499 166 159 142 109 80 79.165 87 95.9692 98 98.1237 101 104.936 101 105 109.333 109 114 114.124 121 207 154 100 101 107 101 105 118.776 122 125 124.963 118 121 136 134 130 110 123 129.75 170 164 165 164 168 179 182 175 176.083 178.916 183 184 189 177 176 187 192 185.038 196 195 196 194 200.999 201 196 196 200.124 200 203 203 198.999 198.999 218 184 195.994 145.004 154 155 150.982 136.016 122 71 90 185 210 179 201 218 211 205 201 205 212 237 156 30 51 57 51 45 46 46 50 52.5072 45 41 107 107.005 145 147 160 160 158 158 157 157 155 154.999
98 98 100 100 98 94 132.998 133 152 164 167 167.499 168 161.471 143 111 81 79 88 96 100 99.8737 101.061 105 101.061 104.936 109 110 116 115.874 141 210 153.994 100.004 96 102 107 116 112 117 118 118.035 126 129 126 126 110 129.986 163 158 160.162 152 163 165 171 175.052 180 177.488 176 179 184 180 170 173 183 191 185 191 196 194 197 194.099 200.999 200.999 168 168.008 201.874 202 202 202.666 198.999 199 205 220 196 145 153 153 151 136 122 157 211 197 185 210 201.014 217.985 203 201 204 210 215 233.079 141 32 51 52 45.0392 51 45.9973 45.9973 55 53 29 34.3548 149 148.993 144 146.899 162 159 157 156 156.999 157 155 155
99.1654 101 100 100 99 96 108 135 151 162 171.899 170 169 163 143 112.007 80 79.999 88 95 100 101 102 102 100 100.333 105 109 113 94 158 196 127 110 99 105 106 101 108 108.249 125.966 126 126 119 133.079 111 126 160 156 148 147 147 153 172 170.045 176 173 172.968 180 181 177 169 172 175.498 183 182.874 185 186 187 193 198.079 202 186 173 190 194 198 198 199 190.027 198 196 198.977 199 196.99 170 144.012 162.986 143 169 202 205 186 194 212 209 202 202 203.666 203 208 212.954 216 233 111 34 53.375 48 52 50 43 48 53 46 49 122 157 146 161.899 162 160 158 157 156 157 156.499 154 154
100 99 99 100 100 97 111 131.079 154 164 169 172 173 168.375 142.991 112 80 80 92 95 99 100 101 101 100 101 105 108.936 107 91 178 187 134 114 104 106 104 102 109 108.749 118 119 117 122 114 137 153 147 147 148 141 152 164 165 175 170 165 165.031 175.045 175 176.968 169.031 178 174 181 181.124 177.029 177 183 189 177 180 179 186 185 187 192 196 198.972 190 197.067 195 188 188 197 170.009 144 163 189 170.474 194 187 205 210 202 200 201 203 204 204 207 213 220 225 84 41 56 52 46.4739 44 45 49 54 57 86.1022 149 156.975 147 159 160 159.874 158 157 158 156 156.499 154 153.999
100 101 97.4987 97.4987 101 99 111 135 157.452 166 171 173 172.954 168 147 115.423 81 78 91 93 98 101 100 98 99 98.4987 102 106 105.972 96 198 186 142 117 102 106 105 108 112 116 119 118 114.998 114.998 0 0 150 141 143 135 147 147.055 164 155.831 170.083 170 172.999 173 159 164 177 173 176 175.874 173 174 179 173.041 188 177 175 180.379 190 184.465 189 192 184.775 190 186 184 188 185.379 185 183 183 193 185 203 195 188 201 202.625 206 205.958 199 200 203 205 205 198 204 212 224 212 57 44.6736 50 53 51 43 53.9143 51.081 59 106.248 134 152 144 154 162 160 159 158 156.998 156.998 155 155 156.499 156.499
100 98 98 97 99 99 113.43 133 155 168 173 171.124 173 167 145 113 80 77 91.1236 92.8736 97 99 99 99 98 98.4987 102 106 97 106 208 182 147 123.754 118 111 105.082 108 111 112 122 126 115 114.998 0 0 143 143 131 146 151 152 149 155 172.916 173 172.999 172.999 165 175 173 173 174 174 177 170 173 179 181 184 183 179 182 192 188 191.928 185 178 185.874 184 184 180 168.437 166 189 188.375 188 191 194.964 188.035 208 197 200 200 198 199.016 203 206 195 201.048 205 210 223.979 212.02 35 44 47 52 49 45 54 51 54 113 153 146 148 160 161.874 160 159 158 157 156.998 157 156 156 157
97 99 96.4987 96.4987 99 96 107 133 155 168 172.749 173 173 166 145 115 81 80 91 95 99.4987 99.4987 98.9992 99 98 99 104.499 105 95.0144 111 209 179 149.679 139 131 116 105 106 107 114 118 105 130 144 136.032 144 137 126 145.033 153 154 140 144 155 165.984 166 169.873 169 179 165 166 175 178 174.059 170.958 171 168 171 177 174 178 177.999 179 187 188 177 180 182 175 176 178 162 190.937 187.062 190 183 194 204 205 204 197 197 200 199 200 202.524 207.992 175.007 165 168 170.21 197 224 91.5969 32 48 49.4831 54 45.1638 46 53 47 70 118.108 152 145.035 158 161 162 160 161 159 158 159 157 158.874 157 157
97 98.8737 96 97 97 97 108 132.989 155.018 169 172 172 172 166.038 142.571 113 82 80 92 96 99 100 99 99 98 99 104.499 104 95 110.983 206.572 177 162 148 138 125.548 107 93 106 118 108 124 146 135 143 136 119 127.444 152 145 147 151 151 146 150.015 150 172 173 164 169 169 165 168 165 165 165 166 161 165 168.941 177.999 178 186.97 178 177 174 171 173.46 174 156 168 183 191 187 189.964 183.035 203 199 193 193 196 199 200 200 202 204 208 175 156 173 151 183 201 60 43 56 52 47 45 47 48 71 118 153 145 152 160 158.099 160 159 160.874 159.124 158 158 157.124 159 156.666 156
95.1653 95 95 95 95 96 108 131.649 167.999 168 171 171 169.509 165 148 114 81 80.165 91.0403 97 99 98.3325 97 98 98 100 102 102 89 118 204 174 163.98 151.018 139 132 108.059 100 107 104 128 145 131 139 130 119 140 145 146 142 142 145 154 149 147 163 158 158 170 166 165 163 161 163.554 155.944 160 165.998 165.998 172.225 173 172 167.049 175 174 169 172 166 164.124 163 174 185 183 187 200 207 200 195.928 192 192 194 199 201 201 202 208.099 211 194 155 173 149 149 197 160 31 43 54 52 41 51 48 57 98 150 149 146 158 161 160.499 159 157 158 159 158 156 157 158 156 157
97 96 94 96 94 96 112 137 167.999 168 172 171.333 172 167 149 114.006 82 80 91 96.957 98 98 97.6658 98 98 99.8737 99 101 83 129 205 180 164 151 141 134.471 119 108 102 104.484 142 135 136 124 119 129.976 146 143 139 133 138 151 142 148.775 153.768 158 158 161 159 151 153 163 168 154 152 163 165.998 166 164 165 171.949 167 161 163 167 161 165.874 164 183 183 182 194 200 196 189 190 193 196 196 200 201.524 203 202 204 208 210 163 164 172.989 149.01 154 208 108 102.487 51 50 50 50 50.8974 49 69 130 155 154.954 153 159 160 160.499 157 158.874 158 158 157 156 158 156 157 157
96 97.8737 97 96 98 102 114 138 156 168 172 172 172 166 151 117 80 76 89 95 97 97 95 98 97.9991 98 99 100 79 78.4984 212 188 174 162 153.963 147 129 97 125.017 139 127 136 120.013 120 140 140 144 138 129 130 152 139 140 152.555 126.697 139 136 144 153 140 135 117 123 167 167 163 158.958 159 167 163 160.995 161 159.971 160 149 153 179 184 179 188 200 197 187 185 194.062 194 196 197 200 203 203 203 203 205 214 171.339 125.601 153 128 110 163 197.656 26.0154 39 53 53 50 59 56 55.2166 93 128.729 148 147 158 159 158 157 156 156 157 157 156 156 157 157 156 155
96.1237 98 97 98 99 104 114 137 156 169 172.333 173 172 166.041 148.574 115 78 78.5211 88 97 98 97 97 98 98 98 100 99 78 78.4984 215 192 174 161 154 147.035 138 109.31 125 138.981 133.536 125 137.985 138 143 138 134 138.621 133 145 134 141 155 138 113 129 115.926 105 108 112 130.275 155 118 131 141 149 153 153 157.363 152 103.003 103 151.027 151 155 181 175 178.619 199 186.678 194.953 191 192 193 197.937 198 200 200 200.071 204 203 202 212.541 215 210 166 130 94 85 127 221 146 26 38.9769 50 46 47 56 51 62 128 154 145 154 158.666 159 159 157.166 156 156 156 156 155 155 156 155 153 154
99 98 98 99 101 103 118 140 157 170.981 173 172.249 173.958 168 151 116 79 75 86 95 96 100 100 99.4987 99 99 99 99 108.343 128 216 194 187 167 142 150 144 113 118 124 121 112 135 139 137 130 121 131 136 132 136 147 124.017 124 110.017 123 110 95 74 82 146.165 164 136 116 101 90 106 101 87 76.0683 65 59 49 167 174 173.964 201.949 197 198 197.937 195 196 193 192 196 200 201 200 202 204 204 211 148.39 191 145 103 86.9971 87 119 161.607 206 205.997 38 50 49.9557 44 49 54 46 92 150 146 147 160 161 159 159 159 157.333 157 156 155 155 154 154 154 153.666 153
102.943 103 100 98.1653 102 101.165 118 139.988 157.017 171 172 173 174 168 152 118 79 75 87 95 97 99 99 99.4987 98.9992 99 101 100.874 85 111 211 198 198 182.077 127 130 127 107 120 120 120.971 112.027 138 135 130 124 132 135 130 131 146.975 137 137.981 138 124 110 109 117 97 91 111 124 100 68 71 95 72 78.7513 49 41 35 55 134 162 167 167.035 202 197.049 194 194.062 196 195.666 192 194 197 199 200 197 202 212 207 207.034 127 96 88 82 86.9971 86.9971 181 212 102 102.002 50 51 50 44.039 55 44 48 126 152 142 156 163 160 159.166 160 159 158 157 155 154 154 154.333 153.999 154 154 154
103.099 103 95.9974 96 101 108 118 139 158 171 171 172 173 168 152 116 79 77 88 96 97 99 98 101 99 100 98.8737 97 89 90 201 185.542 201 173 140.974 131 138 124 103.082 106 135.099 138 120.03 128 130.033 130 136 129 128 141 135 116 130 130 115 120 100 85 67 61 106.766 112 97 93 105 81 62 81 49 29 161.998 161.998 167.008 167 194 196 195 194 192 191 193 193 192 193 195 196 199 189.314 213 181 112 111.985 79 84 100 115 189.945 194 190 128.134 35 47 52.9662 45.0287 47 51 57 42 77 147 146 148 163 165.916 161 160 161 159 158.874 157 157 157 155 154 155 154 151.099 153
106 105 95.9974 95.9974 100 105 118.011 140 156 170 171 171 172.954 167 152 117 80 76 88 94 96 98 97 101 98 99 99 97 97 79 176 208 199 174 131 141 149 139.078 103 105.915 135 137 128 120 127 134 128 128 141 137 113 131.075 103.008 103 82 86 77 55 49 73 117 100 57 87 97 89 56 79 24 42.2307 162 161.998 196.991 197 180 183 192 191 189 186 190 190 192 193 193 201 208 177 136 125 94 93 103 124 150 163 186 197 78 33 50 53 53 45 44 57 60 54 115 153 144 157 166 163 162 161 161 160 159 157.124 157 156 156 155 155 156 154 151
107 104 104 101.082 99 102.936 115.01 139 156 168 171 171 171 168.071 152 119 80 76 86 89.0318 96 98 99.3325 99 99 98.2487 98 101.936 102 90.4419 136 213 192 190 153 138 146 114 133.957 135 137 136.971 114 129 129 126 132.916 130 133 121.835 122 122 80.9969 80.9969 81 66 58.986 37.0088 80.0178 92.9793 107 48 66 71.3388 82 58 44 76 93 155 138 180 198 181 180 186 184 186 179.035 186 189 191 191 195 208 185 126 91 99 136 145 146 168.916 166.083 178.999 179 198 78 31 52 55 55 51 45.0429 47 56 46 102.993 143 147 157.46 164 164 165 164 162 162 161.999 159 159 155.124 155 155 154 154.666 155 153 151
107 105 103.915 101 99.0613 103 115 138 156.019 169 172 171 172 168 151 119.007 80 75 89 93 97.8737 96 99 100 98.7487 98 98.0613 102 104 88 104 169.015 201 191 151.698 163 131 134.59 130 138 128 128.027 124 126 125 121 133 130 104 120 115 115.035 80.9969 81 61 50 59 37 80 93 51 65 109 105 63 60 53 130 146 105.306 165.472 200 182 178 183 182 180.479 178 179 185.964 189.124 191 193 198 138 78 74 102.653 108 128 163 169 169 166 178.999 178.999 89 182.93 48 36.3485 54 54 50 45 52 52.3733 46 103 151 142 155 166 165 165 165 162 162 161.999 158.999 158.999 157 157 157 156 155 154 154 152
107 107 105 101 100.998 101 108.008 135 157 170 171 172 173 168 152.991 122 77.9968 77.9968 84.9971 84.9971 95 96 97.3325 97 97 98.8737 98 104 106 102 82 163 221 186 165 179 113 122 125.998 126 127.776 127 127 120 121 131 133 130 91 86.3631 74 74 83 63 50 89 43 49.2954 75.9874 52 66.076 74 73.967 74 79 81 89 146 135 190 199 189 184 180 181 181 173 177 187.916 188 192 189 192 149 89.0602 78 98 97.9987 126 116 149.694 162 170 196 173 71 32 46 49 53 57 56 46.4973 46 51 51.081 64 126 141 135.548 168.899 166 165 164.499 164 163 163 162 160 159 158 158 156.999 157 156 153 153 152
109 108 106 101.054 100.998 100.998 108 134 157.019 169 171.166 173 174 168 153 122.007 78 77.9968 85 84.9971 95 98 98 97 99 97 101 101.965 106 106 145.168 95 202 199.029 185 169 126 129 125.998 125.998 121 132 131 123 123 128.531 123 126.948 95 81 73 89 56 35 73 95 33 63 76 52 63 51 66.0295 66 96 119 109 124 194 197 195.059 186 182 179 176.049 176 177.622 183 185.083 185 184 184 193 149.005 100 86 97.9987 98 125.974 116.024 136 172 194 147 124.887 36 46 51 53 52 57 51 46.4973 47 54 54 76.3041 135 126 148 169 167 164.499 164 163.333 163 164 162 161 160 159 159 156.999 157 156 153.083 153 152
106.165 107 103 102 100 94 103 133 156 169 172.499 172.499 175 171.062 121.124 121 79 72 84 90 95 96 97.4987 97 98 97.4987 101 105 109 110 82.0298 82 148 213 203.989 180.01 130 127.508 113 118.53 120.511 123 115 125 127 126.981 100.989 76 71 78 94 82 52 43 77 77 55 64 48 56 70 68 75 77 79.0048 120 129 171 185 183 186 168.013 175 176 175 175 175 176.874 183 185.449 190 194 195.499 193 139 83 93 98 111.849 135 140 169 117 36 43.0473 48 47 56 55.0603 55 56 46.4513 45 52 51 61 113 132 126 160 169 166 164 164 163 164 161 162 162 160 161 160 158 157 156 155 153.874 152
108 106 104 102 100 92 100 131 153 168 173 172 175 171 122.874 123 78 72.0368 84 89.9569 95 98 98 97.4987 97 97.4987 101 105 111 113 89.9673 90 128 222 204 180 125 123 111 121 121 118 128 118.937 113 113.017 101 76.0086 71.034 77.9626 79 74 63 50.6737 62 62.015 80 67.6772 55.2094 49 50 38 55 97 79 119.993 153 153.721 184.899 182 185.985 168 172 176 175 173 175.124 177 195 197 195 197 197 199 164 102 61 74 83 114 146 145 83 39 43 47.9473 55 55 58.9353 59 54 44 45.0331 51.9617 51.0228 60.9728 133 125 134 149.068 167 168.067 165 163 162 164 163 162 162 160 162 160 158 157.666 157 155.166 154 152
104.499 105 106 102 98 91 99 130 153.016 168 172 174 174 170 153 126.424 80 73 93.9973 93.9973 97 99 101 100.999 99 98 101 107 113.51 114 112 93 129 221 214 139 107 121 123 120.517 127.164 135 136 116.012 101 61 65 73 46 43 66 76 82 60 52.9258 75 55.9955 56 51 45 39 41 104 101 125 141.652 181 181.523 189 185 167 166.954 171 182 164 166 180 193 199 200 199.874 198 200 198 174 147.586 68 45 76 98 153.122 150 74 44 48.4974 48 54 58 62.873 61 51 45 47 49 109.009 109 131.369 126 148 151.498 164 166 165 164.499 161 162 163 162.998 163 161 160 159 159 159 158 157 155 151.062
104 104.499 103 101 101 93 99 131 153 167 172 173 174 170.062 155 124 81 74 93.9973 94 97 99 101 101 98.4987 98.4987 104.966 104 111 116 114 101 131.412 219 199 108 106 114 115 117 129 119 135.987 116 94 41 61.9317 51 43 45.9138 52 73 74 66 67 42 55.9955 55.9955 58 34 32 117 123 146 165 142 179 183 190 175 161 162 180 169 162 176 187 194 197 201 200 198.124 207 207 189 127 75 40 58 73.2734 154 151 55 45 49 48.4974 54 56 63 61.123 50.9556 45 50 46 132.989 133 134 138 154 150 154 159 164.499 164 163 162 162.998 162.998 162.874 161 160 159 157 158 158 157.666 154.937 151
105.998 105.998 104 103.927 99 94 98 131 153.016 167 172 174 175 171 155 126 85.9792 73 84 92 99 101 103 102.165 99.9988 99.9988 99 118 128 112 111.037 111 97 198 186 105 120 108 114 132 98.0238 98 84 71 65 59 82 56.5385 56 57 47 55 63 61 86 86.0299 84 66 32 28 106 135 148 180 160 160.022 168 183 183 170 169 170 161 158 172 185.553 190 193.967 199 201 202 207 210.124 211.874 200 149 88 65.3076 45 44.9315 134 161 74.9879 49 52 56 56 59.9633 60.055 54 44 44.4972 54 41 93 144 131 153 159 152 151 150 152 153 156 155.958 160 161 162 159.511 160 159 156.874 155.124 156 156 155 151
105.998 106 101 100 99 92 100 129 153 168 173 174 174 172 152.571 124 86 73.0177 89.368 96 101.522 103 104 102 100 100 102 124 117 115 117 118 104 149 196 112 113 118 124 129 107.974 108 73.8332 56 44 50 75 47 53.0692 53 52 52 55.4615 53 94 93.9674 85 97 22 94 138 145 151.913 177 171 170.977 169 193 184 168 167 154 156 168 174 188 193 196 200 202 203 208 210 212 206 164 97 53 34 53 117 165 75 50 52.0691 55 59 62 64 51 45 44.4972 50 46.3626 121 141 131.01 152.988 162 157 154 153.928 148.055 148 150 150 150 153 157 160 160 159 157 155 155 154 152 151
105 104 100 99 96 90 97 128 152.014 168 173 174.874 175 170 155 124.007 84 78.0439 92 96 99 101 104.874 103 102 102.666 106.027 115 114 118 120 120 119.378 118 115.124 116.874 113 133 131 132 104 64 54 79 44 41 76 48.4227 60 56 49 58.5434 49.0393 49 72 63 54 94 76 138 135 171 175 189 185.991 155.007 170 194 167 160 156 158 168 172 175 186 194 197 200 204 204.512 207 210 213 212 178 112 65 41 45 99 144.411 82 82.0298 55.0811 58 59 59 60 51 49 55 43 75 144 135 147 159.319 163 163 159 157 155 155.03 152 150 146 145 146 149 151 153 147.619 153 152 153.899 153 150
103 102 101 99 98 91 96 130 152 169 173.124 175 176 170 154.991 124 83 78 89 96 100 99.1654 103 105 103 103 106 114.971 114.061 117.936 115 113 114 122 115 117 128 136 128 128.872 103.992 64.0048 56.427 77 56 49 46 74 51.361 46 47 61 54.9559 55 56 62.4403 23 73 76.0029 137.995 167 159 171 183.639 186 155 180 180.298 156 161.624 161.518 164 170.498 174 178 182.052 192 194.485 201.498 198 202 205 209 211 212 192 91.4065 80 44 41 84 165 90 89.9673 55 58 61 64 54 48 54.9521 50 46 110 142 135 156 165 161 161 160 164 163 162.968 158 156 145.333 145 148 146.099 144 143 144 148 151 154 152 150.099
102 100.165 99 97 98 92 96 130 153.016 168 173 173.099 176 172 123.499 123 84 76 87 93.9601 100.082 102.915 103 103 102 103 107 112.96 116 119 120 116 136 128 45.0012 144 115 129 127 96.3518 61 56.0479 37 94 42.3579 48 73 63.4426 54 42 50 61 54 74 64 62 41 41.0025 113 168 170 163 165 192.284 186.992 187 163 162.998 164.581 167 169 142.693 178.071 178 178.916 179 187 194 195.949 196 201.916 202 205 209 210 180.752 138 74 40.2466 41 66 161 108 79.0931 65 59 63 64 51 51.4976 55 46 65 131 136 138 161 161.124 162 160 160 162 165 166 163 158 155 151 148 146 143 143 143 142 143 146 147 144.531
101 100 99 100 97.9532 93 96 128 153 167 175 176 175.944 171 123.499 124 83 77 88 94 100 103 102.666 102 102.499 102.499 106 113 118 121 148.654 154 79.9201 69 45 143.996 123.631 119 102 62 60.9479 56 58 100 37 52 61 54 53.9766 42.0182 55 62 57 75 63 36 100 99.994 159 177 184 160 164 193 153.007 153 162.998 162.998 107 109 129 159 181 182 176.083 176 180 192 191.049 191 199.083 199 210.379 213 205 174 109 51 41 40 58 150 127 53 64.9563 59.0397 67 66.1191 51.4976 52 54 44 87 140 131 133.487 163 162.874 159 159 160.523 158 161 161.055 162 158.055 155 156 154 151 148 147.949 146 142 142 141 139 137
103 102 102 101 100 94 93.0062 128 153 168 174 176 177 173 156.991 125 82 79 88 95 100 104 101.874 100.124 102 102 105 112 117 119 125 156 124 36 31 70.8534 147 92 69 68 86 44 78.7815 98 35 57 63 65 59 45 39 38.9936 83 69 41 69 133 144 176 184 169.985 152 183 197 151 131 148 150 135 96 78.0133 78 115 164 175 172 176 188 192 189.083 191 195 188 158 123 100 95 75 46 43 49 136 146 52 63 66 52.8726 53 49 51 56 48 108 116.155 131 152.453 163 159 158 157 157 154.083 156 156.499 160 157 154 155 155 155 155 154 151.379 146 143 141 137 133
102.666 103 105 102 100 94.0404 93 127 152 168 175.874 174 178 174 157 125.007 81.9151 79 89 96 102 103 102 100 99 101 104 105 106 129 138.696 146 148 113 90 119 105 64 57 94 52.145 80 66 80 55 61 63.123 64.873 85 34 38.9936 38.9936 73 57 39 66.5658 146 177 176 199 170 152.013 194 130 111 126 120 111 145 113 94.9838 95 85 118 159 162.93 170 186 191.916 189 189 176 131 99 120.563 102 109 87 62 44 47 128 133.691 61 57 65 51.1226 51 51.519 53 52 64 127 133 138 162 160 159 157.499 157.499 156.916 154 156.499 157 158 159.899 155 153 154 155 156.899 157 154 150 150 143 137 133
101 102 101 100 98 87 91 128 152 167.984 176 177 177 172 158 157.998 85 75 86 93 100.965 103 101 100 99 99 95 116 156.683 145 154 155 159 113.103 131 57 52 69 91 99 69 86.6509 49 61 63 65 48 37 48.9949 48.9949 39 57.6787 40 32 94 136 177.999 177.999 193 195 184 184 55.956 50.0393 73 62 55 49 53 42 78 126 129 124 141 155 163 188 196 197 190 130 87 66 84.9899 55 60 65 59 50.828 49 123 152 73 57 67 57 48 50 55 41 78 142 131 148 161 155.999 156 155 156 154.166 155 155 156 157 155 153 154.874 154 153 155 156 145.874 144.124 147 145 141 137
101.499 101.499 96 94 91.2265 82 97.7505 123 151 168 175 177 176.954 171 157.998 157.998 83 73 85 90 97 100 98 97 86.0179 86 109 104.548 169 136 153 153.166 132 76 96.6428 32 87 84 91.0299 98.9674 86 110 52 57.0517 55 57.4617 56 47.9319 49 48.9949 70 48 33 39.2058 129 160 178 178 193.929 196 185 96 56 50 63.0754 48 41 70 125 69 123.577 76 134 130.777 138 151.068 162 188 196.499 196.499 115 169.411 49 81 85 55.0065 54 60.7731 49 43 47 116 154 75 63 66 51 53.0393 51 54 42 100 145 137 158 159 156 155.999 153.099 153 154 156 154 154.166 155 156.874 153 155 153 151 151 151 146 144 140 140 139 135
98 99.8737 95 93 88 79 80 123 152 171 177 177 179 174 154 128.425 82 76 90 97 98 98.0488 101.936 98 96 84 115 83.4492 150 137 153 135 118 57 43 51.1465 55.0136 70.9824 51 50.9951 108 97 46 48 39 70 80 40 43 48 57 56 40 104 141 178 173 188 203 197 113 71 78.5644 55 80 64 58 79 196 185 86 83 112 121 133 143 160 192 157.761 152 50 53 64 116 156 66 45 52 49 47 101.998 101.998 157 82 73 65 49 51.9142 52 46 58 127 144.041 144 160 157 155.899 154 153 152.333 151.124 153 153 152 152.499 152.499 147.998 147.998 150 148 149 146 142 137.958 127.055 132 130 158.991
100 98 98 95.4835 90 78 80.0046 122.993 152 170 178 178 181 175 156 126 87 79 92 99 103 103 102 98.0613 102 60 67 127 195.169 213 151 137.439 50 34 80 74 55 71 50.9951 50.9951 109 97.0206 44 48 46 52 81 44 46 48 39 35 71 61.3867 153 165 180 178.443 199 131 111 73.4183 81 57 111 90 71 68.9328 210 209 140 107 112 116 127 134.832 165 206 210 114 104 87 76 125 135.411 81 51.1954 46 45 46 101.998 102 156.995 83 82 59 49.0809 52 48.0387 43 74 141 149.957 150 159 156 156 153 152 152 151 153 152.666 153 153 152 147.998 148 149.899 147 148.916 146.082 139 134 127 131 130.008 159
101 99 98 94 90 81.939 77 121 151 151.124 179.124 179 180 176 157 133.914 89.9569 84.0402 94 103 108 109 110 69 104.98 92 127 169 122.238 178 76.4067 54 46 90 97 64.2223 61 81 81 85.0772 104 104.013 63 51 45 44.9138 51 54 47 50 35 45 113 144 174 177 200.999 200.999 126.451 115 128 136.165 136 98 124.971 125 132 122.024 144.891 182 152 160.233 125 120 128 127.999 166 216 202 171.924 136.553 127 136 176 71.9983 71.9983 56 55 51 53 61 92 169 109.141 83 55 47 50.9349 55 45 97 142 146.93 156 157 155 153 152.499 150 154 159 153 153 154 152 151 146.949 147 145 142 139 139 132 133 148 164 185.071 185
103 103 101 93 87 78 77 120.993 153 152.874 180.874 181 183 179 160 130 90 84 98 97.6177 111 113 118 50 105 92.018 143 147.03 124 48 39 97 102 90 75 34 70 85 70 92 122 121.985 98 53 42 42.0805 47 47 51 45 26 32.6708 124 170 174 194 201 200.999 108 136 137 143 106.146 142 116.027 116 122 132 126 153 167 147 123 122.511 128 127.999 161 212 210 161 142 135 129 166.459 72 72 79 56 48 58 63 82 175 101 76 53 47.0599 51 53 63 125 136 143 159 156.874 155.124 152.499 152 149 152 156 152 151 153 152 151.666 142.049 142 139 138 134 135 147 146.982 181 187 189 188
98.957 93.0404 96 95.9629 76.5519 74 71 118 153.439 169 177 181 184 180 162 132 90 82 95 103 110 106 121 146 156 155.99 81 76 75 46 74.0163 87.9806 116 125 103 53 56 78.2742 93 83 104 97.2203 97 53 48 47 47 49 48 33 50 126 173.059 174 182 133.004 121 90 127.02 139 149 150 150 149 146 149.928 137 142 149 152.921 156 149 135.499 135 129 128.249 158 207 215 173 151.077 136 128 118 98 103 89 57 44 43.9943 61 60.8729 177 110 67 52 47 57 46 71 136.379 131 150 159 153 152.998 151 151 152 151 149 150 150 149.499 148 147.874 143 141 138 132 137 161 182 190 191 190 188.166 188
99 93 89 89.0344 81 67 64 108.459 151 167 177.062 181 183 180 161 132 90 82 94 103 109 106 110 135 128 128.008 83 90 56 49 74 88 95 85 87 38 55 79 73 120 92 97 97 53.0043 46 46 44 51 50 35.4359 50.0019 125.995 166 184 181.994 133 78 118 127 139 149.499 149.499 163 163 163 160 161 154.237 171 168 168 148 136 135.499 129 128 154 202 216 187 166 155 121.937 131 122 116 98 62 43.9943 43.9943 59 59.1229 178 116 62 51 51.6175 51 40 62.8405 139 135 152.471 157 152.998 152.998 151 150 151.333 151 150 150 149 149.499 146 146.124 142 140 132.041 138 171 193 196 193 191 189 189 190
93 91 86 82 78 64 65 112 150 167.985 176 180 182 178 159.99 132.008 87.2123 81 91.0144 106.983 121.016 121 131 131 146 122 120 72 55 71 94 109 100 100 56 36 51 92 91 98.9674 96.7346 125 99.7186 75 57.5433 48 45 48 71.1382 67 126 125.874 192.766 204 51.0394 57 103 120 128 138 148 156 167.958 169 175 173 173 173 171 173 162 146 143 143.033 130 126 196.949 197 220 188 164.971 156 143 135 128 122 104 62 62.0814 62 62.996 63 177 126 44.0359 50 49 50 47 115 137 141 154.998 154.998 154 152 152 150 151.998 152 149 148 147 146 143 142.999 139 133 137 172 194 194.166 197 194.083 190 189 190 191
88 90.5097 81 81 77.9809 63 63 114 150 168 176 179.937 182 178 160 132 88 80 91 107 135.982 136 139 136 94 126.977 68 56 64 84 93 113 71.0073 71 49.6949 46 43 50 91.0299 99 83 39 108 126 60 46 48 47 38 111 124 124.124 199 186 51 56.956 112 122 127 137.975 147 155 164 172 176 177 177 175 176 173 162 151 147 140 133 129.962 192.049 192 222 190.423 165 156.027 142.968 135.03 130 127 107 60 64.9147 65 62.996 62.996 165 142.451 51 44 51 49.164 58 133 136 149 154.998 155 154 153 151 151 151.998 151.998 148 146 146 145 143 142.999 134 133 166 191 195 196 196.916 194 191 189.166 195 198
77.915 75.0817 76 76 73 63 62 111 149 149.499 176 175.499 180 177 160 131 87.9672 80 92 97.3777 111 117 100.21 81 91 91 78 61 97 69 107 119 75 59 45 49 50 49 58.9958 58.9958 57 35 109 138 72 35 44 34 63 87.7175 141 192 200 34.0004 37 84 122.998 122.998 127 134 144 150 159 170 175.375 180 177.937 174 174 168 159 147.359 147 144.525 131 128 140 173.992 224 194 164 160 149 138 130 129 100 56 50 65 62 51 155 149 56 41 59 59.1229 76 141 158.699 158 159 153 154 153 150 150 146.999 147 148 147.916 145 144 141 137 128 177.994 189 195 193 193 195 194 198.035 198 202 203
78 75 75 72 69 68.3723 60 110 150 149.499 175.499 175 176 174 157.57 133 88 80 96 100 114.966 114 108 122 102 93 93 99 76 51 85 115 72 56 51 54 49.4975 49.4975 58.9958 59 53 47 98 123 135 46 41.5337 32 104 122 170 171.226 199.997 34 37.0033 83.9926 122.998 123 130 134 142 147.518 154 160 170 176 178 174 173.958 168.041 155 142 140 138 127 127 141 174 221 198 162 157 149 140 131 126 91 50 48 62.5511 61 43 153 158 73 38 61 60.8729 102 141 145 168 157 155 154 153.666 151 149 147 147 145 145.082 144 143 139 130 128.004 178 195 195 193 193 194 194.333 204.964 205 205 204
77 75 77 74 63.5372 56 58 111 148 164.984 174 172 177 173 157 133 86 74 118 99 119 143 93.9903 63.0065 121.99 95.0081 95 62 96.7487 96.2487 94 111.835 93 61.0062 63 53 41 40 55 79 56 86.4548 135 105 60.0121 77.9843 24 56 124 130 208 190 36.9268 44 62 76 107 122 129 133 140 149 151.041 156.958 165 172 166.041 172 168 163 153 138 134 134 121.928 124 161.998 161.998 217 209.029 160 153.035 147 139 132 124 63.9852 44 54 70 62 38 141 156 90 39 44.9944 44.9944 124 139 150 163 157 156 154 152 150 149.999 146 146.499 144.874 143 139.998 139.998 136 130 160 193 196 195.874 197.949 193 197 204 208.499 208.499 203 201
79 77 76 74.0983 66 54 60.4151 109 148 165 173 173 176 173.071 158 131 85 74.0202 109 129 130 129 94 63 122 95 81 81.2109 97 96 110 123 92.9906 61 54 62.2291 36 41 73 101 63 96 155 152 60 78 21 96 160.85 169 213 81 26 52 69 74 107.016 122 131.523 131 137 145.055 151 157 160 161 166 171.958 165 162 150 136 131 130 123 121 161.998 162 209 218 160 153 147 139.03 132 124.03 64 43 56 74 62 34 130 140.918 97 37 45 44.9944 124.016 139 150.018 162.98 156 152 155 153 149.999 150 147 146.499 145 143 139.998 140 136.776 141 165.342 197 194 194.124 193 198 205 197.033 209 208 204 201.099
81 78 77.9483 73 63 50 49 106 147 166 173 175 176.999 176.999 160 132 86 70 87 117 113 128 97 94.56 92 94 80 80 99 87 130.971 131 94.986 75.011 51.0334 57.962 47 44 73 97.5665 120 115 73.9903 41.0054 43 35 53 73.5826 128 197 127 27 38 56 81 75 107.442 119 127 132 136 142 149 151 153 156 161 163 162 156 145 115.007 123 133 126 121 126.008 154 201 226 0 0 148 135 130 105 48 39.0251 73.9983 74 31.9961 32 115 164 121.075 41 40 93 144 141 159 157 154 151 149.166 151 149.999 150 148 148 146 144 139.968 132.03 130 164 195 196 194 195.874 204.124 206 209 206 205 207 207.333 207
84 81 78 73.0483 64 50 47 106 147.012 167 174 175 176.999 177 161 132.008 86 85 121 114 108 119 78 76 98 99 75 71 98 62 122.027 122 95 75 51 58 49 46.5064 75 100 83 114 74 41 42.0544 53 149 134 135 174 118.853 33 40 59 80.9567 75.0401 105 121 127.049 131.949 136 142 145 150 151 156 162.899 160 160 152 144.991 115 136.699 143 128.224 135 126 153 204.918 223 0 0 144 132 127 82 39 48 73.9983 74 31.9961 32 96 169 132 49 36 117 148 144.033 159 155 153.928 150 150 149 150 150 149 148 145.874 144.124 140 132 140 150.301 198 195 194 196 204 205.874 208.916 206.083 204 207 208 207
78.9268 81 78 74 67 55 56 113 147 165 172 174 177 177 159.57 133 99 94 98 96 107.943 115 74 77 80.4281 101 45 97 66.9309 56 94 120 112 115.919 59 54 64 35 54 55 116.998 116.998 41 40 24 100 189 182 186 185.994 34 40 44.4351 58 92 79 111.459 120 126 129 135 141 146.099 149 152 152 156 158 158 154 144 121 134 111 92 107.983 118 135 184 196 150 147 142 133 114 51 42 50 60 70 52.2307 37 79 168 134 54 47 133 148.478 152 159 154 153 150 150 149.166 150 147 148 147 145 143 139 133.045 172.347 192 197 194 195 195.041 205 205 206 207 207 209 209 207
80 78 78 75 68 64 74 124 147.013 165 172 174 177 177 162 135 92 71 88 100 112 104 74.0817 76.915 103 78 54 117 80 72 93 114 131 101 57 44 81 68 31 44 117 116.998 45 44.1519 48 130 188.964 182.035 133 133.004 46 46 42 60 91.9793 79.0178 109 118 124 129 133 140 146 148 149 151 154 157 159 155 149 127.756 133.988 111 92.0144 108 104 121 170 186.458 149.916 147.082 138 134 86 44 48 51 65 66.7743 59 42 62 144.657 142 64.9182 74 95.8909 146 154 157 156.511 151 150 149 151 149 147 144.071 144 144 143.166 138 133 167 196 196 196 201 200.958 207 207 209.928 210 210 210 208 207
79 78 77 75 69 73 89 132 155 166 169 171 178.333 179 162 135 90 76 94.9616 98 117.998 117.998 70.3163 78 72 48 46.7069 76 79 76.9508 101 101.124 100.708 133 75 27 94 89.7816 32 53 82 54 87 122 141 103 138 138.005 41.497 41 64 60.0351 39 62.9871 108 88 113 120 125 127.916 131 136 141.499 141.499 146 147.498 153 155 158 157 154 148 137 133 141 140 141 181 190 169 153 144 137.982 123 57 56.9748 48 54 73 79 61 47 50 153 142 70 94 152 146 157 156 154 152 151.499 150 149 147.666 148 146 145 143 141 137.221 137 179 187.834 195 198 205 208 207 207 208 208.499 209.666 209 210.999 210.999
75.0698 75 80 77.4828 67 70.4952 97 136 157 165 169 173 178 178 164 137 89.9805 76 91 95 118 117.998 58 69 75.017 108 77 46 73 82 103 102.874 100 132 114 55 80 109 60 50 62 71.0625 137 177 117 101 183 182.994 42 41.497 56 59 39.008 63 108 93 113 124 125.082 128 133.487 138 141 142 144 150 154 155 157.333 157 154 151 148 141 155 184 170 199 194 167 148 141 138 123.016 46 46.0203 49 60 77 76 65 56 41 139 143 83 119 149 148 157 154 153 151.499 151 148.166 148 148 147 145.666 146 142.899 140 132 144 185 196 196 201 205.083 208 206 206 208.499 209 210 210 210.999 211
74 72 72.9357 73 63 65 99 137 156 166 169 171 177.166 178 164 137 92 74 85 102 136 115 65 100.992 115 74 57 54 69 74.5287 76 75.9732 98.472 120 128 83 102 66 47 53 116 156 184 156 77 128.994 110 30 53 48 55 64 48.4974 48.4974 106 97 111 122 127 129 132 138 140.666 140 142 145 146.963 150 151 155 150 149.928 149 153.038 172 199.456 177 196 195 163 140.498 142 130 41.0013 46 48.914 50 64 78 72 65 53 124.971 125 144 98 135 146 151 156 153.499 153.499 150 149 148 148 144 145 145 146 142 140 131 150 190 196 199 207 209 207 207 207.166 207.166 208 211 210 211 211
72 70 69 69 63.123 64.873 94 133 155 165.975 170 169.166 177 179 166 138 89.5584 72 86 126 127.842 109 65.0054 101 95 43 72 70 67 77 66 66.0232 71 100 83.0046 127 88 32 84 106 129.69 166 181 96 77.0036 129 34 59 52.1533 49 54 70 49 48 101 100.618 104 121 127 128.874 132.045 137 141 141 142.082 144.916 143 147 151.062 154.937 147 146 152 157 179 209 189 202 198 163 138 144 129.996 41 46.0807 49 52 61.5437 79 70 63 55.4522 116.027 116 144 98.0045 140 146 153 155 154 153 150 148 148 148 147 146 145.333 145 143 136 128 155 192 198 204 202.958 208 207.166 209 208 207 209 212 210.166 211.333 212
60.9146 61 67 69 64 68 91 133 157 167 175.899 173 179 180 137.499 138 82.0194 93.9777 114 94.9259 103 112 52 86 87 54 65 62 79 93 82 74 86 87.6976 95 140 72 63 129 171 180 192 115 93 92.9938 34.0023 38 81 48.4803 48 56 74 53 48 95 90 95 118 126 129 130 136 138 140.928 137 140 137 133 129.303 143 144 143 106.005 149 147 159 176 175.995 133.568 136 129 141 65 42 54 50 54 68 77 76.9483 70 57 56.5835 104 146 116 144 145 154 155 153 150 149.899 147 149 148 144.998 144.998 143.998 144 141 141.124 127 158 193 201 210.333 210 208 208.124 209 208 209 212 213 213 212 212
58.0812 58 62 64.4845 62 65.4948 93 135 158 169 174 176 179 179 137.499 137 82 94 122 84 136 109 64.0262 68 65 65 69 52 77 119 103 90 74 96 97 90 92 131 136 193 217 134 114.987 93.0102 93 34 46 61 51 46 56 71 58 46 89 85 88 114 126 130 127 131 137 141 141.038 145 98.3392 93 101 111 116 115 106 148.993 99 116 119 119.004 109 111 145 112 41 49 50 47 60 59.8268 72 72.0483 59 64 36 89 146 132 148 147 155 156 152 152 150 148 148 147 144.998 145 143.998 143.998 143 142.874 133.752 163 196 207 211 210 210 209.874 208.499 208.499 209.083 212 214 214 213 213
56 58 62 60.0979 62 77.5576 100 133.991 156.017 170 176 178 181 179 163 148.35 109 106.472 81 131.994 144 95 74.0132 90.9838 48 60 69 65 81 135 86.3422 105 97 92 103 72 91 141 162.728 203 184 86 137 139 40 54 44 54 54 49 58 61.9354 64 51.0165 81 82 75.006 109 121 124 125 129 137.937 138 147 145 133 123 112 112.014 116 124 136.007 136 142 158 137.062 137 133 141.162 141 61 43 52 47 49 61 64 77 78 59 73 42 75 150 143 148 150 156 154 152.166 152 150.124 150 147 146 148 145 145 145 141.971 133 128 174.994 202 211 212 210 211 209 210 210.099 211 213 214 213 212 212
56 57 60 63 60 80 100 134 156 169.981 176 177 182 178 167 143 129 79 81.0037 132 115 87 74 91 57.5365 50 67.5205 67 94 144 63 88 109 92 65 101 135 147 127 177 114 136 163 57 40.0152 53.9795 45 47 51.5043 47 58 62 65 51 77.054 77 75 108.991 114 117.948 121 126.378 134.062 134 142 147 146 135 129 128.984 124.166 130 167.991 168 173 175 140.937 141 145 151 140.996 61.0019 49 46.9484 43 52 61.098 63 82 81.9428 62 76 47 71 155 149 150 150 156 155 154 153 152 152 149 149 146 145 144.666 144 142 133.027 127 175 209 214 211 210.166 209.124 211 212 213 214 214 213.499 213.499 209 208
53 53 57 58 56 80 98.7498 131 156 167 177 177.166 179.666 179 168 140.752 86 69.4352 114 127 109 66 93 94.4559 36 69 63.4411 73 118 130 95 87 79 109 113 110 145 143 143 167 136 185 72 46 55 58.9352 53 51 56.9421 53 62.8979 63 68 53 74 76 68 91 105.165 111 117 122 128 127.916 137 136.916 140.998 140.998 132 134.916 127 124 134.251 135 138 130 132 135.926 150 128 56 55.9619 48.06 52 50 55 53 66 79 80 67 75 52 69 156.916 154 150.099 152 155 155 153 153.666 153 151 150 150 147 145 144 142.124 140 130 126 181 214 215 212 212 213 215 215 215 213 209 206 204 205 205
51 51 54 51 57 79.9873 92 126 150 165 178 179 180 180 163 134 84 67 129 105 99 49 105 78 36 68.9895 63 56 147 130.539 104 129 96.6808 88 135 111 110 123 148 160.237 185 96 59.677 55 55 59 51 53 52 57 61 60 64 55 64 76 66 88.5642 97 105 121.949 117 125 125.082 134 134.082 141 140.998 135 132 124.07 128 123 122 125 132 150 147 140 79 49 49.0333 48 52 60 55 49 72 82 82 65 72.5285 55.9253 66 157 154.083 150 153 155 154.999 154 154 154 155 153 149 149 145 143.874 142 138 127 121 182 218 216 213 214 215.524 217 211.062 211 207 206 207 208 209 209
51 51 50 45 65 104.992 102 127 145 163 176.333 177 179 179 164 137.008 88 67 105.374 106 82 65 88 58 41 74 61 54 143 127 134.957 135 112 96 106 104.966 91 113 156 210 41.9359 38 54 49 52 58 51 52 53 52.9976 55 58 62 61.9264 53 67 62 68 83 98 106 114 124 129 134 137 138.999 139 138 139 140 147 154 156.441 154 157 151 148 108 54 52 44 50 57 53.0533 53 46 75 84.0316 81 69 77 59 61 157 160 148 155.968 156.998 156.998 153 154 152.874 153 153 149 148 146 143 142 134.978 123 134.305 184 219 218 213.124 215 215 214 212 210 210 212 211 210 207.485 210
48 48 50 45.0474 65.0048 105 104 128 145 164 176 176 178 178.666 164 137 87.9863 67 100 110 78 84 84 50 44 78 52 60 123.966 102 129.041 129 109.552 98 83 122 118 97.7557 145 194.927 47 50 53 51 54 55.4939 48 48.8679 53 52.9976 47 55 59 58 52 62 58 64 63 77 97 105 117 128 133 136.122 139 138.999 138.499 138.499 147.444 157 169 171 164 160.048 151 148.082 68 88.7852 48 46 53 61 58 57 56.9247 83 88 84 72 78 64 61.4817 157 161 148.03 156 157 156.998 154 153 151 151 152 150 149 146.099 141 139 135 123 122 193 220 218 215 213 212 212.099 213 213 212 210.124 209 207 207 205
47 51 48 47 73 72.9754 109.011 129 146 165 176 176 177.499 177 165 137 69.1589 69 96 79.4326 62 61.9838 91 53 51 57.7651 50 46.0599 119 84 59 85.989 111.926 126 137.984 121.014 136 92 103 81.8316 60 51 53.9419 49 57 63 47 57.9749 51 54.9351 48 49 57 56 55 59 60 64 64.8382 47 68 89 124.989 125 131 135 140 146 148 157 168 166 169.937 166 172 165 153 131 48.0226 57.9726 51 51.0432 55 62 51 56 47 88 91 83 75 80.9567 68 61 157 161 155.977 156 152.916 153 149 151 150 149 151 149 147 142 140 138 134 118.438 149.534 203 221.999 221.999 211 211 213 214 211.916 212 207 205 205 183.431 209 202
48 50 47 47.3316 62 62.0209 109 128.986 146.012 165 175.666 175 177.499 178 166 138 87 56 98 77 44 44.0115 90 55 62 67 50 46 126 109 59.0075 86 108 123 138 121 122.225 114 90 64 53 53 54 50 57 66 47.0203 58 51.0601 55 52 49 53 58 57 57 62 59 73 53 46 60 100.009 100 108 122 129 138 144 149 157 159.46 170 166.062 164 156 149 112 48 58 57 56 56 65 55 53 51 90 90 82 75.0401 81 73 63 155 161 144 145 150 150 150 151 151 149 149 148 144 141 138 137 132 116 140 210 222 221.999 210 212 214 215 209.083 209 206 207 203 181 144 153.534
45 48 45 44 52 87 101 125 150 165 172 172.666 177 177 117.998 117.998 69 98 136 102 49 74 59.0813 59 64 63.498 49 40 112 111.963 85 72 104 76.5387 105 110.957 135.523 135 143 125 41 48 53 51 66 69.0308 60.9959 61 52 52 51.8974 50 53.9419 54 61 61 64 57 59.9184 75 58 86.8479 72 78 92 98.7476 113 112.998 134 145 151 157 161.928 158 155 143 140 139.998 40 52 59 58 60.3741 64 51.4976 52 55 90 95 84 82 84 71 73 159 154 116.051 120 131 130.998 141 143 148 148 146.916 147 144 141 135.497 134 129 113 158 216 218 213 211 212 211 210 186.999 186.999 196 80.0012 124 69 39 38
51 48.9621 39.0426 39 49 79 110.546 118 149 164.983 173 173 174 176 117.998 118 129 169 129.243 107 48 64 61.9146 62 63 63.498 49 42 105 105.035 118 64 67 97 105.041 111 133 137 84 138 134 45 43 49 69 73 60.9959 60.9959 50 49 52 49 49 50 58 58 57.2181 52 56 78 86 107 121 129 134 139 112.998 112.998 141 139.372 158 151.038 159 162 159.458 167 139.998 139.998 122 105.546 49 50 55 60 51 51.4976 60.3411 86 91.0504 87 81 85 69 79 158.949 154.049 112 109 130.998 130.998 122 124 129 129.012 144.082 144 142 140 138 132 123 114 161.904 219 213 209 210 209 207.071 207 186.999 187 195.997 80 37 37 65.988 66
108.993 60 52 45 47 69 73 79.3423 144 163 172 171 173 174 155 160 75.9483 71 73 91 33 61 83 58 58 74 64.8966 48 87 125 125 96 61 119 87.936 88 102 113.978 88 85 163 125 47 50 72 68.9603 45 68 53 51 52 52 50 49.995 51.0242 60 59.9621 53 52.0074 79 99 122 124.166 126 127 133 137.015 138 141 147 148 146 142.041 147.957 158 174 190 203 208 195 144 201.995 47 48 52 49 59 92 91 83 80 86 74 87 132.999 133 128.94 125 116 115 112 111 110 106.962 122.998 123 126 128 131 128 121 117.069 187 217 207 205 209 209 209 199.026 192 169 94 42 47 60 80 80.044
109 60.0036 67 54 56 62 56 90 135 163 171.499 171.499 171 177 177 170.236 76 71 125 100.276 34 45 72 65 47 71 91 67 49 101.234 123 97 105 143 84.061 84 102.02 114 96 135 128 109 102 98.088 69 65 48.914 71 52 49 48 55 49.995 49.995 51 61 60 53.0335 52 78.9888 104 121 124 125 125 130 136 137 144.498 143 141 140 142 148 162 177 189 195 198 204 144.004 202 153 77 35 37 55 88 87 88.3773 78 80 66 91 132.999 133 134 137 133 126 121 114 107 103 122.998 122.998 105 104 106 111 103 106 184 211 206.874 205 208 208 208 199 163 82 45 90.0868 64 52.3556 85 86
136.167 128 103 78 72 93.987 49 72.6486 131 161.991 169 169.333 171 179 158.083 131 88 137 114 75.5141 44 35.0246 81.0153 96 26 57 106 88 64 36 113 110 97 112 76 86.2336 104 116 122 127 136 63 116 73 60 62 41 70 50.0601 50 47 56 57 57.0396 54 57 68.0607 71.9357 50 69 102 114.98 121 124 128 128 134 137 140 139.998 140 141 145 154 167 180 190.928 191 194 198 201.512 204 216 205 220.996 155.003 48 82 86 75 74 73.9966 64 96 140.998 140.998 144 141 140 135 133 130 122.16 114 109 100 96 90 123.062 118 97 95.3708 176 211 204 209 208 206 197 167 83 42 72 76 77 85 86 87
134 140 136 112 94 72 45 78 132 162 169 170 172 178.966 162 134 145 127 67 39 43.9691 35 81 95.9819 77 53.4693 95 77 59 79 75 83 120 74 71 93 117 126 143 136.234 93 100 75.4174 118 57 55 46 73 53.9351 54 49 54 63 62.9563 51 58 68 72 50.0109 70 101 115 119 127 127.999 128 137 143 139.998 139.998 136 142 151.771 159 169.452 178 187 188 191 193 199 202 209.22 210 221 155 68.2986 58 81 67 73.9966 73.9966 74.9247 104 140.998 141 141.071 145 143 140 139 135.043 133 127 123 115 90.0403 96 110 134 101 90 187 212 209 212 210 207 159 186.07 44 80.5721 83 78 84.0577 95 88 87.0134
130 115.922 152 139 116 82 47 75 132 163 174 173 173 177 156 156.499 184 93 61 47 47 45 53.9954 53.9954 92 85.2435 58 65 85 90 46 111 65 62 72 94 112.54 129 136 153 68 109 104 110 80 43 48 70 56 54 53 54 64 54 54 65 71 90 53 62 101 118 125 120 123 138 137 139 141 139 139 145 155 161.961 165 173 180 184 188 191 195 198 204 207 209 225 163 55 69 59 70 68.4957 51 50.4975 155 143.02 150 146 144 144 143 138 137 135 129 132.928 123 125.928 118 134 105 125 204 212 212.499 212 206 194 110 38 80 95 85 86 103 100 88 91
112 133 151 151 143 119.104 49 72.5653 132 163 176 175.899 173.062 176.937 157 156.499 154 108 58.5485 45 54 55 53.9954 54 56 51 71 62 45 53 49 94 74 62 72 93.987 96 108 143 143.444 118 96 144 91 106 40 51 72 60 55 51 51.0976 61.5276 56 54 68 75 109 66 52 105 122 115 122 134 139 137.099 140 140.874 139 143 141.498 156 162 168.958 170 175 177 182 186 191 194.963 202 207 209 211 228 149 62.6964 49 66 72 50 50.4975 154.978 143 150 146 142.124 142 142 141 139 137 133 130 126 122 124 134 118 156 211 212 212.499 213 202 165 71.5138 66 95 90 91 102 114 98 89 98
64 114 146 164 121.017 121 52 72 134 165 177 176 178 178 159 159 136 65 41 44 62.4543 58 61 55 45 52 65.9623 66 45 62 76.9897 47 95 64 73 74 93 111 109.02 120.978 150 115 35.9931 35.9931 149.31 43 38.9094 67 59 53 46.0475 51 67.9793 54 47 60 80 122 0 0 99.7564 114 125 127.478 133.049 138 139 139 139 141 143.041 148.957 153 159 161 160.999 173 175 180 183 189 195 199 204 208 211 226.874 227 111 35 59 58 48 137.995 144 145 145.166 146 144 144 143 142 141 138 135 132 127 127 131 138 126 177 217 213 212 211 194 123 71 91 94 103.974 101 105.62 104 93 97 104
38 78.2657 144 161.56 134.981 135 58 62 134.007 165 176 176.749 178 177 147.02 147 142 83 41.0804 44 46 70 50 51 47 61 59.0337 59 57 38 77 47.0063 71 85.4515 87 97 79 91.782 109 121 154 120.341 36 35.9931 163 53 35 64 62 53 46 51 68 55 51 54 89 124 0 0 93 119 131 133 133 137.949 140.874 141 141 141 143 149 153.041 158.958 161 160.999 168 173 178 182 188 193 198 203 210.899 209 225.124 225 202 55 51.0311 51 49 138 140 147 147 145 143 143.666 140 140 139 138 137 134.511 125.124 125 127 144 156 193 216.928 214 211.749 211 175 89 82 92 94 104 111 105 89 95 105 103
34 54.9845 137 171 169 143 48.0288 56 134 164.991 176.999 177 178.166 179 169 136 134.091 81 40 45 55 56 46 50 41 68 107 51 66 36 56.0078 82 79 64 85 108 78.4984 78 101.747 144 152 96 43 89.8494 50.9831 51 37 65 71 57.0159 47 53 62 49 52 69.9841 100 110 87 48 96 123.99 130 130.333 138.928 135 138 140 140 142 147 148 149 153.954 158 158.523 167 172 174.035 181 186 190 198 203 208 211 214 216 232 126 32 40 64.4112 147 143.041 149 147 146.999 144 144 141 137.062 137 136 135 131 125 121 141 177 195 207 215 215.124 211 182.008 140 85 95 96.4964 109.041 114.957 110 92 88 101 103 101
35 55 127 169 172 138 48 55.9663 133 165 176.999 177 178 180 169 145 138 78 42 50 57 49 46 53 38 93 111 56.335 65 51 56 81.9886 75.0671 61 79 102 78.4984 79 95 139 141 126 37 98 33.0109 33 47 72 70.9802 57 49 52 62 49.0171 52.0118 70 101 111 98 51 96.0078 124 131 130 136 139 138.523 136 141.874 140 144 145 148 154 156 160 166 170 174 180.964 186.071 189 196 203 207 210 213 215 227 195 47 30 62 149 143 149 146.999 147 146 143 141 137 134 134 131.033 128 122 133 176.729 203 202 211 217 216.874 211 182 107 90 93 99 109 115 101 89 91.9289 104 99 104
30 38.9667 110.003 166.995 172 142 51 52 132 166 177.999 178 179 179.499 167 149 132 48 49 57 48 47.9348 47 40 45 128 77.9909 38 50 66.9829 57 48 49 52 67 88 113 58 88 142 142 141.963 145.097 119 154 91 40 73 56.4978 56 54 55.8727 54 54 87.4053 83 114 128 100 56 100 125 133 135 137 137.499 136.666 136 136 136.082 144 145 150.874 151 154 157.937 163 167 174 173.874 184 189 195 201 207 210 212 215 217 229 95 22 76 148 147.499 147.499 146 145 146 143.966 139 138 134 132 128 128 119 157 218.944 215 209.041 214.958 216.874 215 149.643 147 94.6177 91 92 103 114 112 94 90 103 104 102 100
31 39 110 167 174 147 48.0689 48 131 166 178 177.999 180 179.499 168 149 107 51 60 45 44 44.0598 44 43.9578 91 96 78 39 50 67 48 39 56 51 60 67 116 86 90.4152 144 135 135.035 139 158 86 147.251 52 56.537 56.4978 57 54.1227 56 51 54 68 108 127 126 92 62 104 125 131 136 137.499 138 137 137 139 139 144.499 144.499 149.124 149 154.062 158 161 165 172 172.124 182 186.509 197.499 199 205 207.485 211 213 219.449 231 148 21 78.4127 146 148 147 145 144 143 140 140 139 134 132.124 128 124 119 175 219 214 209 215 217 215.124 184 122 100 95 93 102.975 115 102 91 98 106 101 98 88
34.9595 37 108 165 172 156.014 69 48 125.005 167 176 174 175.124 176.874 165 164.999 114.851 65 47 44 46.9973 47 56 73 50 73 46.0474 46 54 65 46 43 58 51 73 66.4527 58 114 134 136 107 92 132 104.524 86.2304 93 83 66 62 66 55 56 57.4406 57 80 116 125 128 85 79.3702 109 128 133 133.333 139 142 138 136 135 138 140 141 144 148 153 157 159 163 169 173 181 189 193 198 204 207 210 212 213.022 224 195 31 91 147 148 149.874 142 143 141 139 140 139 131.999 132 127 124 140.144 185 218 207 208.456 216 202.078 204 154 118 107 99 99 108 102.949 98 91 101 98.9975 98.9975 90 82
31 34 110.415 163 173 156 72 48 125 166 177 176 175 177 165 164.999 123 59 46 49 47 46.9973 52 55 47 70 50.9474 51 64.976 53 45.9139 43.0805 53 58 85 50 41 96 130 121 92.5888 72 46 66 74 79 96 105 111 84 54.1643 54 50 67 88.1463 122 126 131 81 74 116 131 133 134 139 141 138 136.124 133 136 138 142 144.055 149 151 155 161.523 161 168 170 186.379 185 191 197 204.099 206 209 212 213 223.977 220 69 96 148 148.124 150 143 143 140.899 138 139 140 131.999 132 126 125 132 191 217 205 206 218 215 187 129 116 108 99.0282 99 108 103 98.0488 92 100.232 99 98.9975 89.9673 82.0298
34 34 86 157 173 158 77 52 125 164 176 176.333 179 180 161.541 152 118 50 52 47 65.9847 46 67.0761 64 46.4372 59 59.9665 52.029 46 57 45.9133 38 51 56 84 59 82 85.1454 108 114 109 133 71 63 65.9858 45 55.1228 57 63 79 61 45 54 81 111.021 123 129 113.015 70 87.0667 124 133 135 139.949 139 141 142 137 135 137 139 138.874 142 146 148 151.937 158.511 161 167 169 174 183 188.049 192.949 200 201.899 207 209 213 211 227 116 98 150 138.041 143.957 143 143 140.062 140 140 140.499 137 132 129 131 131 175 209 202 207 217.977 210 168 119 114 108 95 97 101 95.212 90 103 103.124 96 90.0441 92 96
40 39.9548 76 143.309 172.983 158 89 56 122 163 176 177 177 179 164 154 97.4087 65 52 47.0475 47 66 75 52 44 61 60 52 56 51 61 49 54 53.5073 83.9883 59.0083 61 114 123 122 71 103 126 93 66 45.0097 55 56.8728 56 48 60.9822 44 64 89 111 122 129 113 62 98 127 135 135.049 140 142 141 139 138 135.124 137 137 137.124 142.062 146 148 152 156 159 164 166 172 180 188 193 199 202 207 209 212 211 222 170 114 145 138 144 144.874 145 143.937 144 140.499 141 138 132.045 133 136 157.164 144 166 182 207.022 218 206 155 112 109 100 101.222 101 97.0612 76 104 105 104.874 90 95 97 93
40 33 66 65.9962 167 158 101 63.4179 119 161 175 176 176 176.166 167 150 119.576 77 55 41 59 66 49 44 59.0397 65 59 56 65 64.9623 60 48.5451 61 75 38 92 69 61 71.8854 120 78 59 124 160 47.6196 46 50.3681 56 50 49 46 46.1223 71 94.9206 117 123.963 128 91 66 112 133 137 140 140 144 144 138 140 138 136 137 137.499 142 144.916 148 150 153 152.166 159 164 171 178 184 191 197 201 206 210 212 212 216 205 143 124 105 118 118.542 135 142 128.298 146 144 141 137 138 146 146 134.448 131 171 217 218 196 139 110 103 91 97 94 77 91 106 98 89 91 96 69.7597 79
37 33 65.9962 65.9962 169 163 103 61 116 159 173 173.099 177 178 161.643 146 122 79 55 43 51 48 46 50 59 64.9563 58.9145 56.0812 58 58.0337 53 39 60 74.2554 54 101 59.4395 54 38 73 76 61.4348 135.277 106 42 53 45 52 41.0268 41 48 47.8723 82 110 117 124 92.266 65 78 128 135 136 139 141 144 144 142 142 137.874 136.124 137.499 138 142 145 148 150 152 154 161 164 175.509 173 181 187.048 193 199 205 209 212 212 211.769 221 155 82 80 83 93 105 115 125 132 136 137.062 141 144.059 155 144 132 152.965 187 220 219.067 174.033 123 102 85 89 94.5162 75 81 103 98 94 90 91.0487 95.9487 84 63
35 33 52 139 178 177.499 0 0 112 157 171 174.944 177 179 161.684 149 113 88 51.0475 44 55 46 44 49.3538 58 59 51 66 62.9479 58.0479 46.0807 49 49 60 77 103 130 97 101.992 62 66 93 84 71 47 45 41.0472 46 44 41 78.4555 74 99 120 116 125 91 52 104 133 134 134.166 140 143 144 141 142 141 140 137 135.499 135 138.049 143 145 148 151 154 162.937 163 168 170 177 187 191 198 206.499 207 211 213 213 227 166 122.854 94.9974 94.9974 88.9569 83.0402 82 87 93 102 102.277 127 136.849 158 144 136 149 204 222 203 151 105 81 76 94 85 75 100 100 94 92 96 103 89.0166 73 55
38 32 48 138 177 177.499 0 0 109 157 170 175 176 179 174 140 102 103.077 55 47 45 40 58 62 50 60 51.0153 65 63 58 46 48.914 55 50 42 77 116 116.212 102 62.0047 106 71 67.8319 50 54 45 46 41 41.0804 44 62 86 110 118 121 112 76.7187 73 125 114.93 135 136 139 140 143.916 141 143 141 139 139 136 135.499 138 142.949 143 145.485 150 151 159.062 159 165 168 175 183 189 195.525 206.499 206 209 211 213 222 195 83 94.9974 95 89 83 74 66 62 74.3089 60 78 108 137 178 165 166 212 209.098 183 119 75 60 80 83 78 97 105 90 92 90 100 102.981 89 70.557 53
56 56.0062 64 129.995 182.083 182 141 67 110 109.998 171 175 175 181 175.994 131 106 81 43.4662 48 59.9561 54.0395 54 54 50 55 55 65 62.5144 57 55 44 52.5206 55 51 46 80 137 139 103 95 107.98 41 51 44 47 45 44.1763 40 61.2361 75 100 114 117 55.6931 62 48 110 132 136 137 137 139 139 139 143 142.999 143 141 139 137 136 138 138 141 144 148 151 154.083 157 160 164.954 175 180 186 194 199 205 206.999 206.999 213 212.249 218 111 91 106 102 97 88 77 64 49 42 37 65 167 199.087 166 179 215 212 155 59.0397 59 70 83 71 90 109 97 87 83.0316 107.626 105 99 87.1583 58 52
89 88 64.0025 130 184.916 185 123.167 80 109.998 109.998 172 177 176 183 176 131.005 100.645 85 41 50 60 54 44 52 51 52 61.774 60 65 59 46 45 46 48 68 54 130.249 85 134 134 95.018 108 52 46 44.4797 42 39 40 45 68 86 110 119 124 72 42 91 130 132 135 139.916 140 139 140 139.071 142 143 142.999 143 140 139 138 137 140 138 141.966 145 148 154 156.916 159 165 170 176 185 193.97 198 203 207 206.999 212.749 212 225 120.53 82 108 108 104 87.9758 77.0212 79 69.5879 49 35 66 187 203 163 192 214 181 89 64.9563 65 76 70 81 106 108.978 97.0196 80 83 101 113 93 79 65 58
89 106.985 107 140 174 184 159 90 107 154 173 178 178 183 178 124 111 68.0044 45 48 47 47 47 54 53 49 61.0107 61 64.6239 62 77.9908 43 56 80.5668 59 69.5473 65 67 101.836 106 122 69 45 47 46 43 38 44 59 79 122.993 123 115 64 39 86 123 128 131 135 139.899 140 140.874 139 139 140 144 141 144 141 142 138 140.999 141 140 140 142.062 145.937 150 153 159 164 165 173 173.999 173.999 195 201 205 205.524 212 210 220 214.373 93.947 100 109 107 99 94 87 77 65 53 73 167 204 194 192 173 49.0241 49 56 71 66 77 101 103 83 82.9734 79 98.4511 111 97.0167 89 79 63 66
89.0126 107 116 127.683 172 181.541 156 95 107 153 172 175 179 182.944 177.995 124.004 110.993 68 42 51 53.9617 54 51 55 55 43 80.9857 81 58 70 78 43.0051 54 83 57 72 63 73 101 105 68 75 41 47 45 39 39 53 79 95 79.0044 79 47 54 95 116 124 129 132 135 137 138 139 141 140 142 143 143 144 141.082 142 142 140.999 141 139.999 139.999 142 146 150.099 152 161.485 161 166 169 174 173.999 190 197 203 207 211 211 216 209 97 90 104 105 101 97 97 86 66.5372 83 90 143.657 216 200 143 90 59 58 58.4428 69 74 69.942 107 90 73 73.0234 86 108 111 97 89 67 67 67
58 95 100.312 122 165.355 180 158 99 106 150 171 178 180 182 179 129 92 60 41 41.0471 53 57 53 53 64 44 60.3436 85 63 71 117.991 87.0068 49 75 44 84 90.2433 58 94 118.989 77 90.7844 44 44 45 45 44 53 63 56 51 57 84 89.3409 126.916 124 125 130 132 135 137 137 140 139 139 143 142 145 146 146 145 143 141.485 139 140 141.874 141 145 147 150 155 159 164 170 174.999 174.999 187 194 200 205 207.049 211.949 212 220 126 80 100 93.7928 105 101 101 94 100 101 97 155 192 143 83 73 70 76 72.011 91.986 99 99.03 66.0221 77 65 75 101 116.983 109 98 75 62 70 61
49 69 88 113 160 176 159 110 108.418 148 171.035 177.964 181 183 159.787 143 69 49 46 45.9471 49 61 57 58 70 45 55 81 54 68 118 87 39 88 64 50 97 63 94.0088 119 110 63 43.9972 43.9972 46 45.3315 49.373 49 57 72 88 107 118 122 124 127 128 128 130 133 134 137 137 137 141.523 141 142.099 144 145.999 145.999 145 143 144 141 140.124 142 142 143 147 151 155.071 158 162 168 175 174.999 187 191 197 203 207 212 211 223 160 74 93 99 105 109 104 104 113 113 109 117 121 90 81 86 88 79.8324 72 92 107 106.968 76 66 65 94 101.014 117 110 92 74.9788 62 61 69.9702
56 61 58.0046 98 158 186 172 120 109 147 172.035 179 181 184 177 122 63 58 48 51 47 61 59 57 75 69.6289 51 85 42 63 98 109 40 76.4553 107 33 78 86 68 112 90 65 42 40.1219 43 45 55 78 95 109 112 117 123 124 126 128 129 128 128 128.082 136 135.874 135 139 141 141 142 142 145 145 146.499 146 145 146 143 142 146.666 146 148 148 152 155 160 165 169 177 182 187 193 198 204 211 209 218 190 78 87 98 105 106.874 111 110.998 118.916 116 114 113.998 100 100.037 101 105 92 79 85 99 72.496 76 76 76.4984 78 109 120 114 101 78 61 58 55 51
54 57 58 97.9921 177 206 201 159.856 110 148 172 178.964 181 185 174 105 58 54 53 47 52 59 56 58 65 61 52 102 40 73 104.767 114 86 47 102 54 49 101 60 81 99 61 40 42 53.5396 56 77 98 108 116 112.049 116.949 124 123.249 126.166 127 128 131 131 130.916 134 134.124 138 137 138 140 140 141 144.666 144 146.499 147 146 148 146 146 147 147 149 150 152.083 155 161 166 169 176 182.049 186.949 191 198 203 207 208 212 165.281 96 78 98 105.124 107 110.998 110.998 119 116 113.998 113.998 106 107 101.061 104.936 93 90 99 93 74 70 76.4984 77 94.4521 121 114.166 106 87 65 56 57 52 61
50 54 52 90 188 202 201 165 112 147 171 178.97 178 182 172 124 58.5485 47 48.0392 53.9559 62.0487 58 63 75 60 62 96.4555 97 43 75.2421 88 85 117 39 90 78 51 80 71 60 97.4541 107 72 33 53 75 92 104 110 116 120 123.928 123 127 126 127 130 131 131 131.333 135.511 136 136 135 140 140 140 141 145.333 146 146 145.874 147 146.249 150 148 147.082 147 152.899 153 153 155 162 165 166 173 177 185 189 196 201 205 208 207.999 220 129 70 95 98 104 115 118 123 122 116 115 126.028 126 108.061 105 94 98 89 83 84 80 78 98 123 127 112 92 68 52 51 58 70 89
48 53 49 77 183 195.232 198 168.911 113 149 170 179 179 183 171 124.005 61 45 48 54 55 66 67 69.6243 66 63.4947 109 80 48 82 83 62 102 83 94 82 40 69 71 60.0209 71 78 103 67 73 87 94 106 113 118 121 124 125 125.523 126.166 128 128 130 132 131 133 138 136 134 139.666 139 140.666 141 145 145 144 144 147 146 150 149 149.916 150 150 151 156 156 160 162.485 165 172.966 174 181.052 189 194 198 202 207.999 208 219 165 88 79.5445 91 101 109 112.952 132 127 122 123 134 135 119 97 89 80 85.4966 87 91 83 88 114 123.872 126 96.4723 69 53 67.9816 51 67 93 103
