162 161 162 158.64 158 156 155 154 156 161.017 167 172 172.035 164 149 118 97.0595 97 103 106 107 108 109 109 109 106 111.009 117 120 124.01 126 128 132 130 134 130 129 130 132.825 132.825 132.685 132.685 133.596 134 134 132 132.345 133 135 136 134.272 134.272 135 132 131 131 132 133 132 131.997 134 135 132 133 137 129 132 131 129 132 127.165 129 130 129 127 128 123 121 105.034 105 112 133 142.967 154 161 158 152.308 152 154 153.807 157 154 153 152 153 153 156 156 159 154 162 202 214 218 215 157 105.939 105.939 117.045 121 120.663 120 124 121 121.26 121 123 125 126 122 125 127 125 123 117 117 166 167
160 160 160 156 155 154 154 154 155 161 167.041 172 172 163 144 116 93.186 93 102.908 106 105 105 105 106 106 108.836 111 117 120.136 124 127.753 126 131 130 131 130 130 131 132.825 133 133 132.685 133 133.596 134 132 132.345 132 133 133.092 134.272 134.272 134 132 130 130 132 132.188 129 129.168 133.247 133 131 132 136.831 130 130.242 130 131.797 129 127 129 130 129.533 128 126 122.9 120 105.034 105 109 129 143 153.921 159 158 152.308 152 153 154 155 154 152.319 152.319 153.496 154 155 155.842 156 155 155 194 214 217 189.049 176 105.939 106 117 120.919 121 121 123 122 121 121.26 125 124 124 122 124 126 126 123.111 119 127 131 101
157 156 157 155 155.542 155 154 154 155 162.874 170 171 170 160 139.076 115 91.3595 91.3595 98 103 106.166 106.166 105 104 103.519 103.519 111 116 121 121.302 125.322 126 127 129 129 130 132 130 130 130 131 133 133 133 132 131 132 133 132 131 131 131.536 131 132 129 129.411 131 131 128 130 132 131 130.392 130 130.718 131 129 129 128 128 127 127 128 128 127 126 123 119 114 109 104 116 136 134.29 156 160 156 153 155 157 155 156 156 155.701 155 154 154 152.297 154 154 149 166 206 214 218 211 142 100 112 117 120 121 121 121 118.926 122 121.798 122 123 124 124 126 125 129.707 132 105 53 40
158 156 156 156 156 155 153 154.014 161 167 169 169 166 157 139 115.097 92 91 98.188 103 106 107 106 103 103 104 111 115 119 123 125 127 127 128 129 131 131 130 130 130 131 132 132 134 132 131 133 132 131 132 131.536 132 132 131 130 130 131.084 131 129 131 134 135 132 131 130 131 131 129 129 127 128.905 129 128 128 128.97 129 124 122 115 113 103.976 115.934 128 145 153 156.123 154.922 158 158 161 161 159 155.701 156 154.524 154 154 152 152 153 152 149 186 213 217 221 190 115 106 113 118 118 121 121 119 121 121 122 123.613 124 124.195 125 130 134 100 54 46 50
157 156 156 157 157 156 155.075 159 165 167 167 166 164 154 140 116 92 90 99 102 106 107 105 103.338 103 104 110.997 116 119 123 124 126 128 129 129 131 132.092 132 132 130 132 132 132 133 134 132 132 131.697 131 134 132 132 132.972 133 133 130 130 128.809 128 131 134 136 134 132 131.316 132 130.845 127 126.934 130 126.703 127 130 130 128 128 126 122 117 115 109 103 117 125.046 150 157 162 162.345 160 160.232 163 161.186 158 159 157 154 155 154 151 152 152 148 159 202 213.974 219 217 159 101 119.276 115 118 121 123 123 122 125.025 125 126 128 136.428 133 136 94 48.5017 45 49 47
155 155 157 156.833 158 156 155 160 166 165.154 165 165.154 163.965 155 142 120 92 92 98 101.938 107 104 104 103 103 105 111 115.896 119 122.589 124 125.524 127 129 130 130 130 130 130 130 130 131 131 133 133.638 131 131.697 131 131 131 130.074 130 130 129 129 130 131 129 127 129 132 135 134 131 131 131 131 128 129 127 127 126 127 126.794 127 128 125 124 121 113 106.865 105 111 133 149.989 156 162 163 161 160 162 161 160 156 157 155 154 152 152 151.768 151.943 148.069 144 177 212 217 221 163.975 124 105 115.104 117 122.907 121 122 121 126.762 127 129 130 135 139 95 48 48 52 47 51
156.358 156 158.408 158 158 157 158 165 166.301 166 162 159 161 157 141 113.098 88 88 97 103 105 104 105 103 102 107 109 113 120 121 123 126 129 128.699 128 130 129 129.242 129 129.123 130 129 129 129.313 131 128 130 133 135 131 127 126 125 126 127 127 127 126 127 126 128 129 132 131.707 131 132 128 127 128 128.15 126.703 127 128 126 126 128 124 123 122 113 109 106 114 130 146 156 160.972 160.972 163 160 159 159.119 157.488 157 155 156 153.054 153 153 155.893 151 150 146 145.54 199 216 220 221 174 103 104.024 114.979 122 122 123 121 121 124 126 133 137 91 52 47 44 47.563 50 54
158 158 159 159 159.928 160 165 169 168 164 159 161.967 162 159 141 113 89 88.4017 98 103 106 106 105 103 102.119 107.018 109.178 113.052 119 122 123 126.186 127 127 128 130.159 127 127.505 130 129 130 131 130 129 131 129 128 130.905 134 132 124.116 124 122 122.183 125 128 125 125 125 125.385 129 129 129 130 132 131 127.433 127 128.15 128.15 127 126 125 127.864 126.237 127.974 127 122 120 114.758 111 108 115 131 143 152.58 160.972 161 161 159 159 159 159 158 156 156 156 155 156 154 152 150.181 149 142 171 193.956 216 222 213 140 104 115 121.997 122 122 122 122 124.001 130 136 91 42 45 49.4496 47 50 49.985 53.8585
158 158 159 161 161 164 168 168 168 163 159 158 162 156.042 141 114 91 92 98 102 106 106 104 102 102 105 110 113.788 118 122 122 124 123.935 123.935 128 129 125.856 124.119 128 130 130 129 130 129 129 131 129 130 132 129 127 124 122.162 122 124.354 125 127 125 123 123 126 129 129 129 132 130 127.037 127 127.181 128 127 125.224 127 126 127 126.686 126 123 119 114 111 108 115 114.541 140 150 156 151.974 160 158 158 159 156.312 157 157 157 157 156 156 155 154 152 151 144 145 145.009 210 220 224 196 116 106 115 117 122 120.104 125 129 134 93 44 44.3617 54.5324 51 52.8662 51.129 51 54
160 159 162 162 164 168 167 166 165 161 158 160 161 156 139 113 86 87 97 101.925 103 102 102 103 103 104 110 114 118 120 120 123 124 123.935 126 129 126 124 126 129 129 129.295 126 129 130 131 127.793 128 129 128 126 125 124 123 124 124 124 121 121 122 125 128 129.351 130 131 130 127.037 127.037 129 127 126 125 126 127 126.686 127 126 122 118 118 114 108 114 114.541 139 147 152 155 157 158 157 157 156 156 157 154 158 155.877 155.52 155 153.818 151 149 146.31 145.009 145.009 210 220 222 221 158 98 111 114 120 123 129.221 134 90 43 42 46 54 57 53 51 50 48
161 160 160 159.669 169 157.989 162 160 160 161 160 160 161 156 139 111 85 87 97 104 103.257 103 103 103 102 103 108 111.973 120 119.584 121 123 125.897 123 126 125 124 126 128 129 128 127 128 129 130.978 129 129 129 129 127 125.134 128 124 123 121 118 119 117 115 124.411 128.169 125 128 130 129 127 127 126.689 128 130 126 126.084 126.686 126 126 127 124 122 117 116 115 109 114 126 138.124 145 149 149.066 155 151.147 156 155 155 155 153.379 153 153.682 153.682 155 153 150 147 143.636 144 140.489 141 189 218 221 225 205 121 101 111 113 121 133 93 44 43 47 51 59.9607 54 52 46.9802 46 46
162 159.935 159.669 159.669 169 158 155 153 154 162 161 159 160.972 157 141 113 86 87 97 102 104.994 105 104 103.04 106.017 106 110 114 119 120 123 124 124 126 127 125 126 124.082 128.38 129 128 125 130 130 131 129.241 127.611 127 130 127.203 125 127.964 134 134.021 137 156 159 156 155 148 133 121 115 118 123 125.252 126 127 129 131 129 128.913 127 127 127 126.686 125 122 118 115 114 108 112 124 136 143 149.066 149 151 155 154.023 154 153 153 154 155 154 153 153 150 147.819 145 144 143 140.489 140 203.977 207 219 223 223 168 102 110 115 126 132.99 93.0028 45 46 50 55 60 55 51.8795 47 46 47
162 160 167.435 170 165 152 135.082 144 152 163 161 161.552 164 157 142 115 84.0216 87 95 101 104 105 104.027 104 106.007 106 112 113 119 121 122 125 126.937 125 126 126 128 129 129 129 129 128 129.911 130 131 128 127 125 134 143 145 143.116 148 148.063 167 173 181 179 173.021 185 184.15 179 158 192.787 116 115.974 123 125 129 130 126.105 127.843 126 126 124.079 124.079 119.247 120 119 114 112 108 110 123 137 144 144 145 149 152 153.595 154 153.909 154 153 154 154 151 149 148.981 144 143.626 143 142 142 141 142 182 215 220 226 213 136 107 125 86.2218 42.0355 42 45 46 53 55 57 56 45 47.0466 47 46.8551
160 161 167 169 159 144 135 144.026 152 164 162 161.552 165 158 139.837 113 84 86 93 99 102.041 102 104.027 104 106.007 106 116.857 117 119.149 120.886 122 125 127 125 124 128 128.606 128.606 128 128.606 128 125 125 126 128 128 129 141 145 153 143 145 152 151.936 165 169 179 180 173 184.979 179 184 157.801 193 178 177.966 112 117 125 126 126 128 126 126 124 124 121 119 116 114 113 107 110 125 139 145 145 144 147 149 153 154 152 151 152 149 151.506 148 145 145 144 143.626 140 141 142 141 138 148 200 220 224 228 192 125 95 45 46.9347 47 48 51 55 52 50 50.2395 50 48 46 45
160 167.084 171 163 151 131 121 137 156 165 165 165.432 165 164.938 143 112 81.2826 83 94 97 99 100 101 100 104 103.46 111.281 115 118 120 122 124 122.558 124 124 121.871 127 126 129 126 125 130 137 143 137 124 135.306 142 131.061 142 145 150 149 149.103 159 165 169 174 175 178.922 178 185.164 186 190 191.05 200 170 121 111 124 124.931 125 124.99 125 123 123 119 116 114 113 109 106 111 124 139 145 146 144 146.104 147.842 150 152 152 148 147 146 145 146 145 144 142 140 140.236 140.236 141 141 142 134 167 216 221.056 226 228 148 42 42 47.1679 47 53.6207 54 53.1623 46.234 48 50 52 48 46 48
163 171 168 157 140 138.898 108 140 158.245 167 166 165.432 165 164.938 142.981 111.997 82 81 90 94 99 98 99 100 103 103.46 109 113 117 119.908 122.391 120 122 123 122 125 126.762 126 124 129 138.026 144 142 134 134.888 122 126 135 131 142.016 141 142 151 152 161 162.786 166 168 176 179 178.235 185 187 189.692 191 199.995 203 191 144 110 124.931 124.931 120 121 121.095 121 118 115 110.192 110 107 103 108 123 138 145.005 147 144 146 148 146 148.272 151 152 143.131 143 145.359 145 146 143 143 143 140 141 141 141.012 143 134.034 141 192 221 225 234 155.454 29 45 48.9051 49 54 53 53 46 47 55 47 46 49 54
169 174 162 150 98.9664 85 104 140 159 167 165 164 165 158 142 115.319 79 77 87 93 95 97 99 101 103.811 104 105 107.702 115 116 118 118 124 123 124.444 125 125 125.008 141.634 151 109.095 121 121 118.988 122 121 128 134 128 133.043 136 132.008 144 141.124 155 155.129 169 173 177 185 186 184 188.913 187 188 194 195 198 199 166 114 104 118 117 110.033 118 117 112.869 111 110 106 102 107 124 140 148 150 146 145 144.993 145 144 147 152 147 147.126 141 143 145 143 143 143 141 141 142 145 144 144.232 140 157 194.569 233 168 42 40 44 48 55 54 56 47 44 51 45.0553 45 47 54 43
173 169.055 147.025 139 99 85.0021 106 137 157 164.744 166 164 164 155 139 112 77 77 87.1365 93 98.9326 101 100 100 101 102 107 110 115 115.487 116 118 120 120 124 124.444 125 125.008 129 122 109 121 119 122 124 121 129 133 129 133 135.882 132 143.954 141 151 160 172 175 176 179 182 184.295 189 187.176 191 191.409 197 194.873 193 206 193 126 102.018 102 110 117.971 116.743 113 110 110.478 108 103.886 107.256 123 142 150 152 150 144.993 144.993 140 140.049 138 146 149 148.864 141.379 143.116 146 144 142.712 142 142 143 144 144 145 146 148 147 193 165 53 153.058 46 46 49 54.9271 55 50 49.5079 53 51 45 48 65 47 26
172 164 149 114.115 81 78 109 137 158 158.04 167 164 164 155.972 140 110 77.2017 78 89 95 99 101 99.6072 99 99 101 106 109 114.142 115 115 119 120.037 120 122 124 122.043 130 141 128.134 116 111 113 119 125 125 128 128 134 137 134 135 138 140 147 154 162 166 174 181 183 187 192 191 193 196.095 191.699 196 196 194 204.025 215.983 138 105 93 107 111 110 104.539 107 104.217 101 104 122 144 153.016 155 154 150 143 128.996 112.026 128 128.014 150 147 143 145 148 144 142 142 143 145 145 147 147 149 149 153.794 132 50 41 45 44 53 53 51 48 43 56 54 48 50 64 59 139.668 84
165 156 135 95 82 82 109 136.992 158 158.04 164.081 166 163 156 140 110 77 79 88 97 100 99.1135 100 100 101 102 106.087 110 114 116 114 118 120.037 120.037 123.912 121 122 129.98 127 109 107 110 119 113.12 122 126 124 131 128 131.417 138 136 138.08 139.818 149 150 157 169 179 176.217 186 185 191.262 191 194 196 193 188 194.13 196 204 216 226 219 120 86 107 106 102 104 104 100 103.753 123 144 153 156 155 153 147 129 112 128.014 128 149.91 147.081 145 145 147 144 143 142.352 144 142.789 144 146 147 149 156 147 119.873 41 46 44 48 53 49.1846 47 44 48.0096 54 48 47 49.9246 69 33 72 156
160 146 112 82 84 86.2666 109 140 157.211 166 167 168 163 156 138 110.107 78 78 90.0907 95 99 100 100 100 101 103 107 108.627 114 115 116 120 122.254 123 121 123.444 127 126 106.08 109 112 114.343 118 119 123 119.27 122 125 126 132 133 133.334 133 141 140.028 150 159 169 183 185 186 186 188 191 198.066 182 190 201 209 212 215 211 224.665 234 201 84 91 103 99.3061 101 96.8052 97 103.195 123 142 152 154 154 153.997 153.997 133 103.466 85 106 132.723 148 148 143 146 145 143 144 144 143.709 145 147 148 160.98 157 87 39 39.1746 44 49 52.1484 52 51 44 51 50.8318 49.0251 58.975 54 77 59 66 160.825 163
151 128 89 84 88 86 109 139 157 167 168 167.474 160.981 154 138.089 110 82 81.9332 90 95 98 100 101 104 100 102 105 111 114 115 117 119.677 122.254 122 123 125 109.972 110 106 108.91 116 118 121 121 121 117 119 127 130 137 137 137.207 136 139 140 149.978 158 167 179 181.199 187 193 176.471 173 187 204 200.731 209 209.694 207 207 209 208 215 231 165 76 92 97 99 95.068 95 101 121 140 153 154 154.418 154 153.997 136 100 59 78 122 140 148 146 145 146 143 143.514 143 143.709 146.866 145 148 161 114 39 40 41 49 55 54 53 43 50.9842 55 46 49 59 64.7562 69 74 132 151 149
138 117.55 82 88.0029 88 86 108 138 156 166 167 166 165 155.928 135.948 109 80 79 96.676 95 96 101 102 101.663 100 102 108 109 113.714 117 117 121 121 121 122 126 112 107 110 113 119.488 120 118 118 121.261 118 124 127 132 138 136 138 141 143 143.988 143.988 154 164 176 182 160.022 160.022 175 199 212 206.767 206 204.221 207 206 204 207 209 209.124 220 230 136 71 91 94 96 94 101 120 140 152.99 156 154 152 153.895 139 139.492 55 53 82.0248 116.01 145 149 144 145 143 143 145 145 144 146 156 81.0129 57 51 46 48 56 54 43.1151 48 47 58 49 46 54 67 73 81 153.956 154 145 139
115 86 88 93 88 85 106 138 158.019 164 166.546 166 164 156 136 108.966 80 79.6529 93 99 98 98 100 100 100.261 103 105 109 114 117 117 119 122.073 122 126 117 107.075 113 114 114 119 119.488 117.959 117.959 114 126 129 126.202 132.312 138.228 141 144 147 141 143.988 144 152 169 176 160 160 160.022 208 203 202 208 208 202 198 203 205 211 211 211 226.012 225 93.4331 102 67 84 89 91.3118 99 122 141 153 156 153 154 151 140 139.492 54 42 82 116 138 148 148 147.767 143 143 144.967 145 145 150 156.006 81 36 49 47 52 53 53 48 43 51.9066 52 48 51 55 68 111.253 122 148 148 141 156
91 85 90 92 90 85 106 135 162.961 163 166 167 164 155 137 136.977 80 79 91 98 100 100 99 99 101 104 105 109.942 114 118 116 115.923 121 126 126 113 114.853 112 111 116 118 117.927 117 117 121 127 128 139.032 137 135 143.872 144 142 137 140 145 158 157.977 181.856 164 196 205 204.94 205 202 202.103 196 197 202 201 202 203 204 208 209 212 221 211 137 70 80 86 94.1429 121 141 153 155 154 152.901 154.638 140 108.983 56 43 96.9852 97 126 132.961 149 145 141.184 142 144 145 148 158 115 41 38 43 55 58 55 50 48.3499 48.3499 55 45 53.8508 56 60 69 144.085 147 150 141 163.097 165
86 90 91 92 91 87 105 135 162.961 162.961 166 167 164 155 137 136.977 81 77 89 95.5826 98 99 100 99.4327 102 102 105 110 114 117 119 120 118 131 117 121.283 113 115 112 114 115 116 119 121 129 130 128.078 139 141 138 139 139 136 133 140 144.899 141 141.006 178 201 194 196 204.94 204.94 197 198 197 196.794 201 204 205 206 207 208 210 210 212 220.976 86.3274 149 82.5045 77 92 119 141 153 154.328 154 153 155 138 107 61 49.4397 96.9852 96.9852 126.032 133 146 148 143 141 145 147 154 141 56 37 43 48 56 55 55 47 48 48.3499 49.7651 51 55 53 61 107 144 146.915 143 147.819 166 163
91.4518 91.4518 93 92 91 89 109 130.931 153 162 165 164 162 158.052 138 110.015 82 77 90 95 96 96.0292 102 101.539 99 101 104 109 113 113.281 119 112 131 141 99 104 108 115 113 113 113 113 119 123 130 133 143 142 136.246 142 137.565 138 133 132 132 163.036 155 154.979 194.238 199 193.95 187.021 190 189 196.431 196 203.352 203 204 205 206 206 208 206 208 206 209.524 211 225.088 225 102 59 78.4402 117 140.292 152 154 154 154 151 138 111 63 47.1521 43 43.0794 80 122 139 144 163.955 137 142 149 85.9931 86 44.1717 45 47 52 55 55 52 46 56 51.6992 48 54 52 76.964 142.042 148 145 136 161.991 161.991 165 164
91 92 92 92 90 87 105 136 154 162 164.474 164.474 161.926 158 139 110 81 79 92.4569 93 98 99 101 102 100 99.2596 107 110 114 115 113.252 104 162 148.363 96 100.411 111.593 111 112 115 118.966 119 123 124 128 130.785 139 132 134 140 141 134 128 128.124 132.052 163 192 193 185 189 194 187 187 191 194 198 201 205 204 204 204 206 204 204 204 204 206 214 227.917 228 194 76 75 114 138 150 154.328 155 154.121 152 138.116 110 65 45 46 45.9091 51 84 143.993 150 164 136.974 144 153 43.0047 43 44 46 52 47.0255 55.3268 56 49 49.2387 53 48 57 52 51.984 77 142 147.958 136 144 161.991 162 163.168 163
93 91 88.6154 88.6154 88 85.3074 103 136 162.941 162.941 165 163 164 158 138.918 110.935 81 80.9104 89.0219 89.0219 94 98 100 95.8835 105.885 106 108.933 109 112 115 108 116 189 114 102 105 108 112 113 110 118 120 125 129.521 134 137 138 133 128.006 128.006 131 121.667 113 131 175 191 185 186 190 189.946 178 182 192.701 200 198 196 199 204 204 202 202 202 200 200 206 210 206 210 212 218 238 137 59 114 138 150 152 153 153 153.36 140 139.495 63.9954 45 47 45 27 69 178 212 205.175 195 207 207.085 54 41 48 50 56 54 55 49.971 53 53 47 56 52 42 61 128 153 138 141 164.913 162 160 159 158
92.859 90 88 89 90 83 101 134 162.941 163 164 163 163 157 139 111 76 75 89.0219 89 95 96 99.757 96 102.012 102 105 106 110 112.728 97 148 188 104 101 106 110 114 114 110.529 117 119 128 133 138 132 137.943 133.044 128.006 128 108 115 147 179 183 185.778 176 175 182 183 184 187 193 199.63 195 197.858 197 197 197.267 195 198 204 204.991 205 203 208 207 208 208 211 198.83 193 67 103.272 138.186 149 153 154 154 153 139 139.495 64 45 29.1605 27 80 41.9343 212 197 208 223 230 230.063 68 38 47 53 55 54.2181 55 50 54 51 51 59 46 45 96.751 154 143 141 140.934 165 160 161.74 158.554 158.554
89 90 92 94 93 86 103 133 151 163 167.026 167.026 163 157 138 108 75 72 82 92 96 99 99 98 100.249 101 105 107.891 112 112.664 98 179 177 107 99 107 107 115 107.558 117 117 125 132 131.911 123 120 133 132.927 115.495 112 117 158 169.624 179 166 172 179 175 174 180 188 187 191 192 194 196 189 188 193 193.231 202 205 201 200 199 202 204.997 205 205 207 229.976 230 128 165.564 137 151 155 155 155 153 139 105 37.762 34 30 116 177.016 193 190 199.322 221 221 221 243 125 30 48 50.9306 55 53 51.0392 51 49 48 54 54 46 88 149 148 140 155 158.149 161 160 159 158 158
92.8784 93 93 92.2008 96 89.4925 103.04 133.023 152 165 167 167 165 156 138 107 77 75 84.1653 94 98 99 101 101.022 100 102 105 108 113 113 110 199 163 97 100 106.983 112.946 109 108 117 123 119.093 123 122.967 124 130 128 127 109 119 148.526 181 171 164 169 170 175 180 174.068 179.984 190 191 186 188 189 185 189 198 197 198 193 200 200 199 202 205 204.997 205 207 206 220.026 220 204 100 125 152 157 157 156 151 135 100 36 40 151 78.0633 177 192 221 214 210 209 207 238 156 31 47 51 53 50 48 47 44 44.0968 56 49 62 137 148.436 148.436 150 161 158 160.979 159 158 158 158
95 96 98 98.0774 98 95 132.959 132.959 152.076 165 168 167.598 166 159 142 109 80 79.3085 87 96.4857 98 98.012 101 104.707 101 105 109.39 109 114 114.11 121 207 154 100 101 107 101 105 118.205 122 125 125.191 118 121 136 134 130 110 123 128.954 170 164 165 164 168 179 182 175 176.062 178.892 183 184 189 177 176 187 192 184.992 196 195 196 194 200.981 201 196 196 200.198 200 203 203 199.027 199.027 218 184 196.01 145.02 154 155 151.009 136.043 122 71 90 185 210 179 201 218 211 205 201 205 212 237 156 30 51 57 51 45 46 46 50 52.2688 45 41 107 107.022 145 147 160 160 158 158 157 157 155 154.878
98 98 100 100 98 94 132.959 133 152 164 167 167.598 168 161.209 143 111 81 79 88 96 100 99.7492 100.834 105 100.962 104.836 109 110 116 115.847 141 210 153.957 99.9662 96 102 107 116 112 117 118 118.263 126 129 126 126 110 129.991 163 158 159.5 152 163 165 171 175.498 180 177.202 176 179 184 180 170 173 183 191 185 191 196 194 197 194.083 200.981 200.981 168 168.017 201.935 202 202 202.592 199.027 199 205 220 196 145 153 153 151 136 122 157 211 197 185 210 200.958 217.929 203 201 204 210 215 233.536 141 32 51 52 45.0656 51 46.1772 46.1772 55 53 29 33.734 149 149.01 144 146.886 162 159 157 156 157.08 157 155 155
99.1577 101 100 100 99 96 108 135 151 162 171.876 170 169 163 143 111.983 80 79.8974 88 95 100 101 102 102 100 100.433 105 109 113 94 158 196 127 110 99 105 106 101 108 108.521 126.241 126 126 119 133.548 111 126 160 156 148 147 147 153 172 170.033 176 173 172.99 180 181 177 169 172 175.791 183 182.9 185 186 187 193 198.361 202 186 173 190 194 198 198 199 190.01 198 196 198.973 199 196.977 170 144.018 162.991 143 169 202 205 186 194 212 209 202 202 203.694 203 208 212.917 216 233 111 34 52.7889 48 52 50 43 48 53 46 49 122 157 146 161.903 162 160 158 157 156 157 156.423 154 154
100 99 99 100 100 97 111 131.536 154 164 169 172 173 167.677 142.967 112 80 80 92 95 99 100 101 101 100 101 105 108.859 107 91 178 187 134 114 104 106 104 102 109 108.521 118 119 117 122 114 137 153 147 147 148 141 152 164 165 175 170 165 165.053 175.024 175 176.97 169.032 178 174 181 181.163 177.043 177 183 189 177 180 179 186 185 187 192 196 198.955 190 197.182 195 188 188 197 169.996 144 163 189 170.444 194 187 205 210 202 200 201 203 204 204 207 213 220 225 84 41 56 52 46.1128 44 45 49 54 57 86.0412 149 156.966 147 159 160 160.004 158 157 158 156 156.423 154 154.221
100 101 97.7225 97.7225 101 99 111 135 157.263 166 171 173 173 168 147 115.063 81 78 91 93 98 101 100 98 99 98.5026 102 106 106.09 96 198 186 142 117 102 106 105 108 112 116 119 118 115.004 115.004 133.446 133.446 150 141 143 135 147 147.047 164 156.094 170.065 170 173.061 173 159 164 177 173 176 175.879 173 174 179 172.723 188 177 175 179.776 190 183.963 189 192 183.986 190 186 184 188 184.86 185 183 183 193 185 203 195 188 201 203.267 206 205.816 199 200 203 205 205 198 204 212 224 212 57 44.4316 50 53 51 43 54.2153 51.3856 59 107.056 134 152 144 154 162 160 159 158 156.979 156.979 155 155 156.636 156.636
100 98 98 97 99 99 112.905 133 155 168 173 171.335 173 167 145 113 80 77 91.0713 92.8085 97 99 99 99 98 98.5026 102 106 97 106 208 182 147 122.85 118 111 105.031 108 111 112 122 126 115 115.004 133.446 133.446 143 143 131 146 151 152 149 155 172.895 173 173.061 173.061 165 175 173 173 174 174 177 170 173 179 181 184 183 179 182 192 188 192.109 185 178 185.869 184 184 180 168.205 166 189 187.777 188 191 195.023 188.094 208 197 200 200 198 199.356 203 206 195 201.493 205 210 223.979 212.021 35 44 47 52 49 45 54 51 54 113 153 146 148 160 161.865 160 159 158 157 156.979 157 156 156 157
97 99 96.3133 96.3133 99 96 107 133 155 168 172.403 173 173 166 145 115 81 80 91 95 99.0285 99.0285 99.0285 99 98 99 104.176 105 94.8844 111 209 179 149.946 139 131 116 105 106 107 114 118 105 130 144 135.984 144 137 126 145.023 153 154 140 144 155 166.003 166 169.708 169 179 165 166 175 178 174.408 171.208 171 168 171 177 174 178 177.983 179 187 188 177 180 182 175 176 178 162 190.867 186.994 190 183 194 204 205 204 197 197 200 199 200 202.447 207.988 175.004 165 168 170.099 197 224 91.5405 32 48 49.1289 54 44.9277 46 53 47 70 118.063 152 145.035 158 161 162 160 161 159 158 159 157 158.591 157 157
97 99.113 96 97 97 97 108 133.222 154.871 169 172 172 172 166.067 143.013 113 82 80 92 96 99 100 99 99 98 99 104.176 104 95 110.853 206.795 177 162 148 138 125.21 107 93 106 118 108 124 146 135 143 136 119 129.476 152 145 147 151 151 146 150.034 150 172 173 164 169 169 165 168 165 165 165 166 161 165 168.552 177.983 178 186.769 178 177 174 171 173.151 174 156 168 183 191 187 189.963 183.034 203 199 193 193 196 199 200 200 202 204 208 175 156 173 151 183 201 60 43 56 52 47 45 47 48 71 118 153 145 152 160 158.086 160 159 160.726 158.989 158 158 156.854 159 156.777 156
94.6317 95 95 95 95 96 108 132.25 167.977 168 171 171 169.733 165 148 114 81 79.8363 91.2893 97 99 97.9441 97 98 98 100 102 102 89 118 204 174 163.964 151.002 139 132 108.236 100 107 104 128 145 131 139 130 119 140 145 146 142 142 145 154 149 147 163 158 158 170 166 165 163 161 163.146 155.514 160 165.964 165.964 172.348 173 172 167.047 175 174 169 172 166 164.194 163 174 185 183 187 200 207 200 195.968 192 192 194 199 201 201 202 208.098 211 194 155 173 149 149 197 160 31 43 54 52 41 51 48 57 98 150 149 146 158 161 160.224 159 157 158 159 158 156 157 158 156 157
97 96 94 96 94 96 112 137 167.977 168 172 171.327 172 167 149 114.159 82 80 91 97.2056 98 98 97.9441 98 98 100.049 99 101 83 129 205 180 164 151 141 134.242 119 108 102 104.721 142 135 136 124 119 129.985 146 143 139 133 138 151 142 147.987 152.979 158 158 161 159 151 153 163 168 154 152 163 165.964 166 164 165 171.947 167 161 163 167 161 165.932 164 183 183 182 194 200 196 189 190 193 196 196 200 201.293 203 202 204 208 210 163 164 172.974 148.995 154 208 108 102.458 51 50 50 50 50.8982 49 69 130 155 155.279 153 159 160 160.224 157 159.098 158 158 157 156 158 156 157 157
96 97.8314 97 96 98 102 114 138 156 168 172 172 172 166 151 117 80 76 89 95 97 97 95 98 97.9012 98 99 100 79 78.5153 212 188 174 162 153.944 147 129 97 124.994 139 127 136 120.018 120 140 140 144 138 129 130 152 139 140 152.826 126.576 139 136 144 153 140 135 117 123 167 167 163 158.969 159 167 163 161.003 161 160.027 160 149 153 179 184 179 188 200 197 187 185 194.043 194 196 197 200 203 203 203 203 205 214 170.733 125.512 153 128 110 163 197.742 26.0209 39 53 53 50 59 56 55.9954 93 128.67 148 147 158 159 158 157 156 156 157 157 156 156 157 157 156 155
96.0942 98 97 98 99 104 114 137 156 169 172.337 173 172 166.108 148.716 115 78 78.6846 88 97 98 97 97 98 98 98 100 99 78 78.5153 215 192 174 161 154 147.016 138 109.153 125 138.959 133.845 125 137.99 138 143 138 134 139.211 133 145 134 141 155 138 113 129 115.895 105 108 112 130.375 155 118 131 141 149 153 153 156.733 152 103.012 103 151.082 151 155 181 175 179.162 199 186.889 194.53 191 192 193 197.916 198 200 200 200.054 204 203 202 212.815 215 210 166 130 94 85 127 221 146 26 38.9824 50 46 47 56 51 62 128 154 145 154 158.4 159 159 157.4 156 156 156 156 155 155 156 155 153 154
99 98 98 99 101 103 118 140 157 171.01 173 172.511 173.47 168 151 116 79 75 86 95 96 100 100 99.3287 99 99 99 99 108.234 128 216 194 187 167 142 150 144 113 118 124 121 112 135 139 137 130 121 131 136 132 136 147 124.077 124 109.957 123 110 95 74 82 146.252 164 136 116 101 90 106 101 87 76.2679 65 59 49 167 174 173.962 201.929 197 198 197.938 195 196 193 192 196 200 201 200 202 204 204 211 148.348 191 145 103 86.9647 87 119 161.604 206 205.995 38 50 49.9857 44 49 54 46 92 150 146 147 160 161 159 159 159 157.299 157 156 155 155 154 154 154 153.586 153
103.176 103 100 98.3999 102 101.273 118 139.985 157.046 171 172 173 174 168 152 118 79 75 87 95 97 99 99 99.3287 98.9824 99 101 100.796 85 111 211 198 198 182.03 127 130 127 107 120 120 120.998 112.054 138 135 130 124 132 135 130 131 146.991 137 138.041 138 124 110 109 117 97 91 111 124 100 68 71 95 72 77.943 49 41 35 55 134 162 167 167.033 202 197.029 194 194.065 196 195.565 192 194 197 199 200 197 202 212 207 207.458 127 96 88 82 86.9647 86.9647 181 212 102 102 50 51 50 44.0694 55 44 48 126 152 142 156 163 160 159.236 160 159 158 157 155 154 154 154.306 153.934 154 154 154
102.878 103 95.7822 96 101 108 118 139 158 171 171 172 173 168 152 116 79 77 88 96 97 99 98 101 99 100 98.988 97 89 90 201 185.3 201 173 140.941 131 138 124 103.173 106 135.095 138 120.007 128 130.212 130 136 129 128 141 135 116 130 130 115 120 100 85 67 61 105.992 112 97 93 105 81 62 81 49 29 162.001 162.001 167.007 167 194 196 195 194 192 191 193 193 192 193 195 196 199 189.291 213 181 112 111.989 79 84 100 115 189.456 194 190 128.205 35 47 52.9696 45.0323 47 51 57 42 77 147 146 148 163 165.829 161 160 161 159 158.946 157 157 157 155 154 155 154 151.326 153
106 105 95.7822 95.7822 100 105 117.975 140 156 170 171 171 173.407 167 152 117 80 76 88 94 96 98 97 101 98 99 99 97 97 79 176 208 199 174 131 141 149 139.058 103 106.003 135 137 128 120 127 134 128 128 141 137 113 131.576 102.948 103 82 86 77 55 49 73 117 100 57 87 97 89 56 79 24 43.0367 162 162.001 196.99 197 180 183 192 191 189 186 190 190 192 193 193 201 208 177 136 125 94 93 103 124 150 163 186 197 78 33 50 53 53 45 44 57 60 54 115 153 144 157 166 163 162 161 161 160 159 157.209 157 156 156 155 155 156 154 151
107 104 104 101.056 99 102.932 114.968 139 156 168 171 171 171 168.004 152 119 80 76 86 89.4299 96 98 99.0176 99 99 98.4727 98 102.158 102 90.1606 136 213 192 190 153 138 146 114 133.745 135 137 136.924 114 129 129 126 132.844 130 133 121.732 122 122 81.2711 81.2711 81 66 58.9752 36.9979 79.994 92.9555 107 48 66 70.6807 82 58 44 76 93 155 138 180 198 181 180 186 184 186 178.931 186 189 191 191 195 208 185 126 91 99 136 145 146 168.913 166.083 178.998 179 198 78 31 52 55 55 51 44.8412 47 56 46 103.002 143 147 157.074 164 164 165 164 162 162 162.006 159 159 155.444 155 155 154 154.565 155 153 151
107 105 103.886 101 99.0584 103 115 138 156.24 169 172 171 172 168 151 119.095 80 75 89 93 98.1322 96 99 100 98.8281 98 98.2841 102 104 88 104 169.047 201 191 151.575 163 131 134.222 130 138 128 127.98 124 126 125 121 133 130 104 120 115 115.031 81.2711 81 61 50 59 37 80 93 51 65 109 105 63 60 53 130 146 105.141 165.396 200 182 178 183 182 180.069 178 179 185.859 189.124 191 193 198 138 78 74 102.74 108 128 163 169 169 166 178.998 178.998 89 183.063 48 35.7214 54 54 50 45 52 51.7765 46 103 151 142 155 166 165 165 165 162 162 162.006 159.19 159.19 157 157 157 156 155 154 154 152
107 107 105 101 100.994 101 108.035 135 157 170 171 172 173 168 152.868 122 78.0361 78.0361 85.0728 85.0728 95 96 97.5895 97 97 98.7591 98 104 106 102 82 163 221 186 165 179 113 122 125.736 126 127.266 127 127 120 121 131 133 130 91 85.7216 74 74 83 63 50 89 43 49.4259 75.9809 52 65.9465 74 73.963 74 79 81 89 146 135 190 199 189 184 180 181 181 173 177 187.988 188 192 189 192 149 89.2414 78 98 98.0028 126 116 149.523 162 170 196 173 71 32 46 49 53 57 56 46.7168 46 51 51.0859 64 126 141 135.477 168.988 166 165 164.644 164 163 163 162 160 159 158 158 157.36 157 156 153 153 152
109 108 106 101.113 100.994 100.994 108 134 156.819 169 171.26 173 174 168 153 121.884 78 78.0361 85 85.0728 95 98 98 97 99 97 101 101.244 106 106 145.288 95 202 199.114 185 169 126 129 125.736 125.736 121 132 131 123 123 128.835 123 126.559 95 81 73 89 56 35 73 95 33 63 76 52 63 51 66.0257 66 96 119 109 124 194 197 195.512 186 182 179 176.34 176 178.381 183 185.158 185 184 184 193 149.024 100 86 98.0028 98 125.914 115.964 136 172 194 147 124.934 36 46 51 53 52 57 51 46.7168 47 54 54 76.1205 135 126 148 169 167 164.644 164 163.329 163 164 162 161 160 159 159 157.36 157 156 153.143 153 152
106.072 107 103 102 100 94 103 133 156 169 172.223 172.223 175 171.083 121.163 121 79 72 84 90 95 96 97.5667 97 98 97.4889 101 105 109 110 82.0451 82 148 213 203.959 179.98 130 127.734 113 118.839 120.162 123 115 125 127 126.975 100.996 76 71 78 94 82 52 43 77 77 55 64 48 56 70 68 75 77 79.0141 120 129 171 185 183 186 168.002 175 176 175 175 175 176.909 183 185.142 190 194 195.286 193 139 83 93 98 111.777 135 140 169 117 36 43.0505 48 47 56 55.1029 55 56 45.9917 45 52 51 61 113 132 126 160 169 166 164 164 163 164 161 162 162 160 161 160 158 157 156 155 153.897 152
108 106 104 102 100 92 100 131 153 168 173 172 175 171 122.901 123 78 72.006 84 89.9549 95 98 98 97.5667 97 97.4889 101 105 111 113 89.9824 90 128 222 204 180 125 123 111 121 121 118 128 118.608 113 113.01 101 76.0163 71.0304 77.9587 79 74 63 50.8636 62 62.0092 80 67.8149 55.3704 49 50 38 55 97 79 120.002 153 153.637 184.894 182 185.974 168 172 176 175 173 175.171 177 195 197 195 197 197 199 164 102 61 74 83 114 146 145 83 39 43 47.9497 55 55 58.9764 59 54 44 45.1197 52.048 51.0278 60.9777 133 125 134 149.34 167 168.725 165 163 162 164 163 162 162 160 162 160 158 157.502 157 155.279 154 152
104.568 105 106 102 98 91 99 130 153.406 168 172 174 174 170 153 126.154 80 73 93.933 93.933 97 99 101 100.923 99 98 101 107 113.267 114 112 93 129 221 214 139 107 121 123 120.828 126.667 135 136 116.168 101 61 65 73 46 43 66 76 82 60 52.7037 75 56.0346 56 51 45 39 41 104 101 125 141.721 181 181.324 189 185 167 166.972 171 182 164 166 180 193 199 200 199.923 198 200 198 174 147.474 68 45 76 98 153.234 150 74 44 48.5059 48 54 58 62.8136 61 51 45 47 49 109.008 109 130.75 126 148 151.692 164 166 165 164.66 161 162 163 162.851 163 161 160 159 159 159 158 157 155 151.092
104 104.568 103 101 101 93 99 131 153 167 172 173 174 170.081 155 124 81 74 93.933 94 97 99 101 101 98.5287 98.5287 104.427 104 111 116 114 101 131.157 219 199 108 106 114 115 117 129 119 136.143 116 94 41 61.7513 51 43 45.9271 52 73 74 66 67 42 56.0346 56.0346 58 34 32 117 123 146 165 142 179 183 190 175 161 162 180 169 162 176 187 194 197 201 200 198.186 207 207 189 127 75 40 58 73.3541 154 151 55 45 49 48.5059 54 56 63 61.0764 50.993 45 50 46 132.987 133 134 138 154 150 154 159 164.66 164 163 162 162.851 162.851 162.831 161 160 159 157 158 158 157.586 154.966 151
105.943 105.943 104 103.907 99 94 98 131 153.017 167 172 174 175 171 155 126 85.8941 73 84 92 99 101 103 102.117 100.077 100.077 99 118 128 112 111.335 111 97 198 186 105 120 108 114 132 98.0091 98 84 71 65 59 82 56.3427 56 57 47 55 63 61 86 86.0035 84 66 32 28 106 135 148 180 160 160.083 168 183 183 170 169 170 161 158 172 185.822 190 193.959 199 201 202 207 209.966 211.704 200 149 88 65.1275 45 44.7518 134 161 74.9902 49 52 56 56 59.527 60.4587 54 44 44.5004 54 41 93 144 131 153 159 152 151 150 152 153 156 156.001 160 161 162 159.176 160 159 156.917 155.18 156 156 155 151
105.943 106 101 100 99 92 100 129 153 168 173 174 174 172 152.897 124 86 72.9326 88.781 96 101.203 103 104 102 100 100 102 124 117 115 117 118 104 149 196 112 113 118 124 129 107.959 108 73.7355 56 44 50 75 47 53.3318 53 52 52 55.1741 53 94 93.9408 85 97 22 94 138 145 151.447 177 171 171.037 169 193 184 168 167 154 156 168 174 188 193 196 200 202 203 208 210 212 206 164 97 53 34 53 117 165 75 50 52.068 55 59 62 64 51 45 44.5004 50 45.7515 121 141 131.201 153.178 162 157 154 153.976 148.04 148 150 150 150 153 157 160 160 159 157 155 155 154 152 151
105 104 100 99 96 90 97 128 152.016 168 173 174.394 175 170 155 123.958 84 78.026 92 96 99 101 104.827 103 102 102.612 106.016 115 114 118 120 120 118.79 118 115.123 116.86 113 133 131 132 104 64 54 79 44 41 76 48.1132 60 56 49 58.4834 49.0239 49 72 63 54 94 76 138 135 171 175 189 185.94 154.956 170 194 167 160 156 158 168 172 175 186 194 197 200 204 204.597 207 210 213 212 178 112 65 41 45 99 144.515 82 82.0156 55.0821 58 59 59 60 51 49 55 43 75 144 135 147 158.911 163 163 159 157 155 154.972 152 150 146 145 146 149 151 153 148.234 153 152 153.964 153 150
103 102 101 99 98 91 96 130 152 169 172.657 175 176 170 154.941 124 83 78 89 96 100 99.2391 103 105 103 103 106 114.961 113.81 117.683 115 113 114 122 115 117 128 136 128 128.767 103.999 64.0113 56.1449 77 56 49 46 74 50.3757 46 47 61 54.9401 55 56 62.6266 23 73 75.9874 137.979 167 159 171 184.271 186 155 180 180.472 156 162.04 161.793 164 170.215 174 178 182.493 192 194.361 201.993 198 202 205 209 211 212 192 91.5162 80 44 41 84 165 90 89.9529 55 58 61 64 54 48 54.9627 50 46 110 142 135 156 165 161 161 160 164 163 162.909 158 156 145.304 145 148 146.146 144 143 144 148 151 154 152 150.087
102 100.12 99 97 98 92 96 130 153.019 168 173 173.537 176 172 123.524 123 84 76 87 94.3375 99.908 102.738 103 103 102 103 107 112.88 116 119 120 116 136 128 44.9902 144 115 129 127 96.2754 61 55.9947 37 94 41.8889 48 73 63.639 54 42 50 61 54 74 64 62 41 41.0069 113 168 170 163 165 192.418 186.959 187 163 163.032 164.859 167 169 142.547 178.078 178 178.92 179 187 194 195.947 196 201.915 202 205 209 210 179.95 138 74 40.2779 41 66 161 108 79.0602 65 59 63 64 51 51.5067 55 46 65 131 136 138 161 161.129 162 160 160 162 165 166 163 158 155 151 148 146 143 143 143 142 143 146 147 144.791
101 100 99 100 97.8128 93 96 128 153 167 175 176 175.954 171 123.524 124 83 77 88 94 100 103 102.436 102 102.542 102.542 106 113 118 121 149.311 154 79.7151 69 45 143.985 124.275 119 102 62 60.8939 56 58 100 37 52 61 54 53.9482 41.99 55 62 57 75 63 36 100 99.9984 159 177 184 160 164 193 152.974 153 163.032 163.032 107 109 129 159 181 182 176.09 176 180 192 191.048 191 199.085 199 209.794 213 205 174 109 51 41 40 58 150 127 53 64.962 59.0458 67 66.5296 51.5067 52 54 44 87 140 131 133.24 163 162.866 159 159 160.31 158 161 160.787 162 158.286 155 156 154 151 148 147.969 146 142 142 141 139 137
103 102 102 101 100 94 93.1747 128 153 168 174 176 177 173 156.995 125 82 79 88 95 100 104 102.191 100.454 102 102 105 112 117 119 125 156 124 36 31 70.8199 147 92 69 68 86 44 78.7769 98 35 57 63 65 59 45 39 39.0127 83 69 41 69 133 144 176 184 170.015 152 183 197 151 131 148 150 135 96 78.0232 78 115 164 175 172 176 188 192 189.064 191 195 188 158 123 100 95 75 46 43 49 136 146 52 63 66 52.8763 53 49 51 56 48 108 115.872 131 152.651 163 159 158 157 157 154.194 156 156.29 160 157 154 155 155 155 155 154 150.832 146 143 141 137 133
102.683 103 105 102 100 94.169 93 127 152 168 175.431 174 178 174 157 125.01 82.1924 79 89 96 102 103 102 100 99 101 104 105 106 129 138.506 146 148 113 90 119 105 64 57 94 51.9655 80 66 80 55 61 63.1319 64.8691 85 34 39.0127 39.0127 73 57 39 66.8484 146 177 176 199 170 152.043 194 130 111 126 120 111 145 113 94.9937 95 85 118 159 162.48 170 186 191.894 189 189 176 131 99 120.845 102 109 87 62 44 47 128 133.829 61 57 65 51.1391 51 51.3246 53 52 64 127 133 138 162 160 159 157.416 157.416 157.023 154 156.29 157 158 160.117 155 153 154 155 156.848 157 154 150 150 143 137 133
101 102 101 100 98 87 91 128 152 168.031 176 177 177 172 158 157.93 85 75 86 93 100.331 103 101 100 99 99 95 116 156.857 145 154 155 159 113.042 131 57 52 69 91 99 69 86.7559 49 61 63 65 48 37 49.033 49.033 39 57.7741 40 32 94 136 178.009 178.009 193 195 184 184 55.9646 50.0484 73 62 55 49 53 42 78 126 129 124 141 155 163 188 196 197 190 130 87 66 84.995 55 60 65 59 51.0697 49 123 152 73 57 67 57 48 50 55 41 78 142 131 148 161 156.052 156 155 156 153.832 155 155 156 157 155 153 154.657 154 153 155 156 145.588 143.851 147 145 141 137
101.412 101.412 96 94 92.056 82 96.8965 123 151 168 175 177 176.893 171 157.93 157.93 83 73 85 90 97 100 98 97 86.2879 86 109 104.02 169 136 153 153.181 132 76 96.7042 32 87 84 91.0219 98.9592 86 110 52 57.5212 55 57.1709 56 47.8258 49 49.033 70 48 33 39.3697 129 160 178 178 193.485 196 185 96 56 50 62.9657 48 41 70 125 69 123.86 76 134 129.965 138 151.566 162 188 196.78 196.78 115 169.506 49 81 85 55.0116 54 60.0042 49 43 47 116 154 75 63 66 51 53.4643 51 54 42 100 145 137 158 159 156 156.052 153.417 153 154 156 154 154.499 155 156.514 153 155 153 151 151 151 146 144 140 140 139 135
98 99.9327 95 93 88 79 80 123 152 171 177 177 179 174 154 128.104 82 76 90 97 98 98.1526 101.709 98 96 84 115 83.6304 150 137 153 135 118 57 43 50.8789 55.0282 70.997 51 50.9962 108 97 46 48 39 70 80 40 43 48 57 56 40 104 141 178 173 188 203 197 113 71 78.855 55 80 64 58 79 196 185 86 83 112 121 133 143 160 192 158.119 152 50 53 64 116 156 66 45 52 49 47 101.978 101.978 157 82 73 65 49 51.8683 52 46 58 127 144.043 144 160 157 155.863 154 153 152.209 151.349 153 153 152 152.321 152.321 147.88 147.88 150 148 149 146 142 137.833 127.082 132 130 158.99
100 98 98 95.7015 90 78 80.0454 123.034 152 170 178 178 181 175 156 126 87 79 92 99 103 103 102 97.8356 102 60 67 127 195.265 213 151 137.157 50 34 80 74 55 71 50.9962 50.9962 109 97.0045 44 48 46 52 81 44 46 48 39 35 71 61.3909 153 165 180 178.652 199 131 111 73.149 81 57 111 90 71 68.7711 210 209 140 107 112 116 127 135.023 165 206 210 114 104 87 76 125 135.503 81 51.3217 46 45 46 101.978 102 157.072 83 82 59 49.0385 52 48.569 43 74 141 149.959 150 159 156 156 153 152 152 151 153 152.873 153 153 152 147.88 148 150.011 147 148.638 145.809 139 134 127 131 130.007 159
101 99 98 94 90 81.1321 77 121 151 151.234 179.21 179 180 176 157 133.255 89.7568 83.8406 94 103 108 109 110 69 104.969 92 127 169 122.204 178 76.5076 54 46 90 97 64.1584 61 81 81 85.0041 104 103.991 63 51 45 45.0199 51 54 47 50 35 45 113 144 174 177 200.988 200.988 126.665 115 128 135.899 136 98 125.124 125 132 121.875 145.04 182 152 160.485 125 120 128 128.063 166 216 202 171.766 136.338 127 136 176 72.0035 72.0035 56 55 51 53 61 92 169 108.448 83 55 47 51.0281 55 45 97 142 146.464 156 157 155 153 152.584 150 154 159 153 153 154 152 151 146.966 147 145 142 139 139 132 133 148 164 185.063 185
103 103 101 93 87 78 77 121.288 153 152.972 180.947 181 183 179 160 130 90 84 98 98.1202 111 113 118 50 105 92.0078 143 147.12 124 48 39 97 102 90 75 34 70 85 70 92 122 121.963 98 53 42 42.1901 47 47 51 45 26 32.8169 124 170 174 194 201 200.988 108 136 137 143 105.51 142 116.18 116 122 132 126 153 167 147 123 122.208 128 128.063 161 212 210 161 142 135 129 166.68 72 72 79 56 48 58 63 82 175 101 76 53 47.1546 51 53 63 125 136 143 159 156.761 155.024 152.584 152 149 152 156 152 151 153 152 151.619 142.066 142 139 138 134 135 147 146.986 181 187 189 188
99.018 93.1018 96 95.9191 76.8091 74 71 118 153.212 169 177 181 184 180 162 132 90 82 95 103 110 106 121 146 156 155.987 81 76 75 46 74.0214 87.9856 116 125 103 53 56 78.6421 93 83 104 98.0179 97 53 48 47 47 49 48 33 50 126 173.222 174 182 132.996 121 90 127.016 139 149 150 150 149 146 149.627 137 142 149 152.505 156 149 135.42 135 129 128.695 158 207 215 173 150.945 136 128 118 98 103 89 57 44 43.9932 61 60.8925 177 110 67 52 47 57 46 71 135.769 131 150 159 153 153.103 151 151 152 151 149 150 150 149.414 148 147.973 143 141 138 132 137 161 182 190 191 190 188.167 188
99 93 89 88.9908 81 67 64 108.265 151 167 177.135 181 183 180 161 132 90 82 94 103 109 106 110 135 128 128.005 83 90 56 49 74 88 95 85 87 38 55 79 73 120 92 97 97 53.0136 46 46 44 51 50 35.1619 49.9964 125.99 166 184 181.985 133 78 118 127 139 149.485 149.485 163 163 163 160 161 154.876 171 168 168 148 136 135.42 129 128 154 202 216 187 166 155 121.508 131 122 116 98 62 43.9932 43.9932 59 59.1553 178 116 62 51 52.1482 51 40 63.1292 139 135 152.201 157 153.103 153.103 151 150 151.368 151 150 150 149 149.414 146 146.235 142 140 132.097 138 171 193 196 193 191 189 189 190
93 91 86 82 78 64 65 112 150 167.971 176 180 182 178 159.98 131.998 87.3451 81 90.9417 106.91 121.001 121 131 131 146 122 120 72 55 71 94 109 100 100 56 36 51 92 91 98.9695 96.6966 125 99.6344 75 57.8399 48 45 48 71.1812 67 126 125.873 192.194 204 51.0408 57 103 120 128 138 148 156 167.447 169 175 173 173 173 171 173 162 146 143 143.636 130 126 196.938 197 220 188 164.968 156 143 135 128 122 104 62 62.1111 62 62.9755 63 177 126 44.0935 50 49 50 47 115 137 141 154.989 154.989 154 152 152 150 151.913 152 149 148 147 146 143 142.976 139 133 137 172 194 193.984 197 194.186 190 189 190 191
88 90.2331 81 81 78.0633 63 63 114 150 168 176 179.945 182 178 160 132 88 80 91 107 135.967 136 139 136 94 126.914 68 56 64 84 93 113 70.9967 71 49.568 46 43 50 91.0322 99 83 39 108 126 60 46 48 47 38 111 124 124.136 199 186 51 56.957 112 122 127 137.977 147 155 164 172 176 177 177 175 176 173 162 151 147 140 133 129.278 192.039 192 222 190.134 165 156.023 143.009 135.071 130 127 107 60 64.9408 65 62.9755 62.9755 165 142.326 51 44 51 49.1729 58 133 136 149 154.989 155 154 153 151 151 151.913 151.913 148 146 146 145 143 142.976 134 133 166 191 195 196 197.016 194 191 189.264 195 198
77.9243 75.0946 76 76 73 63 62 111 149 149.528 176 175.497 180 177 160 131 87.9695 80 92 96.8691 111 117 100.139 81 91 91 78 61 97 69 107 119 75 59 45 49 50 49 59.0105 59.0105 57 35 109 138 72 35 44 34 63 87.642 141 192 200 34.0024 37 84 122.978 122.978 127 134 144 150 159 170 174.768 180 177.858 174 174 168 159 146.775 147 144.625 131 128 140 173.992 224 194 164 160 149 138 130 129 100 56 50 65 62 51 155 149 56 41 59 59.1366 76 141 158.558 158 159 153 154 153 150 150 147.001 147 148 147.908 145 144 141 137 128 178.006 189 195 193 193.204 195 194 198.005 198 202 203
78 75 75 72 69 67.664 60 110 150 149.528 175.497 175 176 174 157.817 133 88 80 96 100 114.538 114 108 122 102 93 93 99 76 51 85 115 72 56 51 54 49.5088 49.5088 59.0105 59 53 47 98 123 135 46 41.814 32 104 122 170 171.156 199.999 34 37.0047 83.994 122.978 123 130 134 142 147.739 154 160 170 176 178 174 173.899 167.983 155 142 140 138 127 127 141 174 221 198 162 157 149 140 131 126 91 50 48 62.7418 61 43 153 158 73 38 61 60.8738 102 141 145 168 157 155 154 153.782 151 149 147 147 145 145.079 144 143 139 130 128.016 178 195 195 193 193 194 194.161 204.933 205 205 204
77 75 77 74 63.8403 56 58 111 148 164.692 174 172 177 173 157 133 86 74 118 99 119 143 93.981 62.9972 121.974 94.9926 95 62 96.6854 96.33 94 111.749 93 61.0225 63 53 41 40 55 79 56 86.6891 135 105 60.0152 77.9874 24 56 124 130 208 190 37.1126 44 62 76 107 122 129 133 140 149 150.964 156.88 165 172 166.03 172 168 163 153 138 134 134 121.888 124 161.997 161.997 217 209.035 160 152.197 147 139 132 124 63.9999 44 54 70 62 38 141 156 90 39 45.0067 45.0067 124 139 150 163 157 156 154 152 150 150.018 146 146.752 144.723 143 140.027 140.027 136 130 160 193 196 195.861 198.017 193 197 204 208.491 208.491 203 201
79 77 76 74.1079 66 54 60.1046 109 148 165 173 173 176 173.337 158 131 85 73.9927 109 129 130 129 94 63 122 95 81 81.1241 97 96 110 123 93.0069 61 54 62.3637 36 41 73 101 63 96 155 152 60 78 21 96 161.116 169 213 81 26 52 69 74 107.04 122 131.209 131 137 145.58 151 157 160 161 166 171.946 165 162 150 136 131 130 123 121 161.997 162 209 218 160 153 147 139.236 132 124.015 64 43 56 74 62 34 130 141.031 97 37 45 45.0067 124.01 139 149.981 162.943 156 152 155 153 150.018 150 147 146.752 145 143 140.027 140 136.01 141 164.733 197 194 194.124 193 198 205 197.008 209 208 204 201.158
81 78 77.9612 73 63 50 49 106 147 166 173 175 176.735 176.735 160 132 86 70 87 117 113 128 97 94.8598 92 94 80 80 99 87 130.949 131 94.9435 74.9685 51.0117 57.94 47 44 73 97.795 120 115 73.987 41.0022 43 35 53 73.4695 128 197 127 27 38 56 81 75 107.135 119 127 132 136 142 149 151 153 156 161 163 162 156 145 115.056 123 133 126 121 126.025 154 201 226 152.299 152.299 148 135 130 105 48 39.0191 73.9985 74 32.0081 32 115 164 121.246 41 40 93 144 141 159 157 154 151 149.186 151 150.013 150 148 148 146 144 139.976 132.038 130 164 195 196 194 195.864 204.119 206 209 206 205 207 207.289 207
84 81 78 73.062 64 50 47 106 147.294 167 174 175 176.735 177 161 132.224 86 85 121 114 108 119 78 76 98 99 75 71 98 62 122.004 122 95 75 51 58 49 46.3104 75 100 83 114 74 41 42.2211 53 149 134 135 174 119.51 33 40 59 81.2096 75.2934 105 121 127.13 132.029 136 142 145 150 151 156 162.839 160 160 152 145.04 115 136.577 143 128.967 135 126 153 204.468 223 152.299 152.299 144 132 127 82 39 48 73.9985 74 32.0081 32 96 169 132 49 36 117 148 144.462 159 155 154.013 150 150 149 150 150 149 148 146.086 144.349 140 132 140 150.397 198 195 194 196 204 205.856 208.946 206.117 204 207 208 207
78.6828 81 78 74 67 55 56 113 147 165 172 174 177 177 160.264 133 99 94 98 96 107.585 115 74 77 80.2101 101 45 97 66.7676 56 94 120 112 116.043 59 54 64 35 54 55 116.988 116.988 41 40 24 100 189 182 186 185.992 34 40 44.1578 58 92 79 111.283 120 126 129 135 141 146.033 149 152 152 156 158 158 154 144 121 134 111 92 108.003 118 135 184 196 150 147 142 133 114 51 42 50 60 70 52.9387 37 79 168 134 54 47 133 148.208 152 159 154 153 150 150 148.904 150 147 148 147 145 143 139 133.045 171.78 192 197 194 195 195.044 205 205 206 207 207 209 209 207
80 78 78 75 68 64 74 124 147.148 165 172 174 177 177 162 135 92 71 88 100 112 104 74.1531 76.9828 103 78 54 117 80 72 93 114 131 101 57 44 81 68 31 44 117 116.988 45 44.2855 48 130 188.967 182.038 133 133.001 46 46 42 60 91.9914 79.0299 109 118 124 129 133 140 146 148 149 151 154 157 159 155 149 127.101 133.977 111 92.0339 108 104 121 170 186.347 149.921 147.091 138 134 86 44 48 51 65 66.0952 59 42 62 144.6 142 64.8533 74 95.9533 146 154 157 156.155 151 150 149 151 149 147 144.085 144 144 143.121 138 133 167 196 196 196 201 200.961 207 207 210.05 210 210 210 208 207
79 78 77 75 69 73 89 132 155 166 169 171 178.588 179 162 135 90 76 94.5171 98 117.935 117.935 70.1108 78 72 48 46.6585 76 79 76.468 101 101.106 100.58 133 75 27 94 89.8638 32 53 82 54 87 122 141 103 138 137.998 41.4994 41 64 60.4745 39 62.9886 108 88 113 120 125 127.915 131 136 141.514 141.514 146 147.713 153 155 158 157 154 148 137 133 141 140 141 181 190 169 153 144 138.019 123 57 56.9817 48 54 73 79 61 47 50 153 142 70 94 152 146 157 156 154 152 151.529 150 149 147.603 148 146 145 143 141 138.035 137 179 188.037 195 198 205 208 207 207 208 208.324 209.703 209 210.918 210.918
75.1175 75 80 77.8112 67 70.7597 97 136 157 165 169 173 178 178 164 137 90.0091 76 91 95 118 117.935 58 69 75.0227 108 77 46 73 82 103 102.843 100 132 114 55 80 109 60 50 62 71.232 137 177 117 101 183 182.987 42 41.4994 56 59 39.0094 63 108 93 113 124 125.086 128 133.183 138 141 142 144 150 154 155 157.455 157 154 151 148 141 155 184 170 199 194 167 148 141 138 123.052 46 46.0272 49 60 77 76 65 56 41 139 143 83 119 149 148 157 154 153 151.529 151 148.305 148 148 147 145.674 146 143.031 140 132 144 185 196 196 201 205.041 208 206 206 208.324 209 210 210 210.918 211
74 72 72.9302 73 63 65 99 137 156 166 169 171 177.104 178 164 137 92 74 85 102 136 115 65 100.959 115 74 57 54 69 74.8326 76 75.9828 98.3865 120 128 83 102 66 47 53 116 156 184 156 77 128.991 110 30 53 48 55 64 48.4949 48.4949 106 97 111 122 127 129 132 138 140.7 140 142 145 146.421 150 151 155 150 150.023 149 153.479 172 199.669 177 196 195 163 140.24 142 130 40.9982 46 48.6799 50 64 78 72 65 53 124.958 125 144 98 135 146 151 156 153.366 153.366 150 149 148 148 144 145 145 146 142 140 131 150 190 196 199 207 209 207 207 207.213 207.213 208 211 210 211 211
72 70 69 69 63.1077 64.8449 94 133 155 165.882 170 169.136 177 179 166 138 89.9212 72 86 126 128.092 109 64.973 101 95 43 72 70 67 77 66 66.0329 71 100 83.0012 127 88 32 84 106 129.528 166 181 96 77.0004 129 34 59 52.3476 49 54 70 49 48 101 101.198 104 121 127 128.854 132.014 137 141 141 141.966 144.796 143 147 151.196 155.069 147 146 152 157 179 209 189 202 198 163 138 144 129.993 41 45.8502 49 52 62.1448 79 70 63 55.2544 116.013 116 144 97.991 140 146 153 155 154 153 150 148 148 148 147 146 145.37 145 143 136 128 155 192 198 204 202.6 208 207.151 209 208 207 209 212 210.075 211.42 212
60.9554 61 67 69 64 68 91 133 157 167 175.768 173 179 180 137.448 138 81.9838 93.9421 114 94.7928 103 112 52 86 87 54 65 62 79 93 82 74 86 87.5908 95 140 72 63 129 171 180 192 115 93 93.0006 34.0091 38 81 48.6708 48 56 74 53 48 95 90 95 118 126 129 130 136 138 140.919 137 140 137 133 129.615 143 144 143 106.005 149 147 159 176 175.986 133.86 136 129 141 65 42 54 50 54 68 77 76.9507 70 57 56.4804 104 146 116 144 145 154 155 153 150 149.873 147 149 148 145.389 145.389 143.853 144 141 140.974 127 158 193 201 210.346 210 208 208.118 209 208 209 212 213 213 212 212
58.1257 58 62 64.1916 62 65.7888 93 135 158 169 174 176 179 179 137.448 137 82 94 122 84 136 109 64.109 68 65 65 69 52 77 119 103 90 74 96 97 90 92 131 136 193 217 134 115 93.023 93 34 46 61 51 46 56 71 58 46 89 85 88 114 126 130 127 131 137 141 141.355 145 97.6078 93 101 111 116 115 106 148.993 99 116 119 118.995 109 111 145 112 41 49 50 47 60 59.6679 72 72.0515 59 64 36 89 146 132 148 147 155 156 152 152 150 148 148 147 145.389 145 143.853 143.853 143 142.711 133.302 163 196 207 211 210 210 209.856 208.577 208.577 208.973 212 214 214 213 213
56 58 62 60.0111 62 77.852 100 133.946 155.946 170 176 178 181 179 163 147.679 109 106.398 81 131.991 144 95 74.0155 90.986 48 60 69 65 81 135 86.3955 105 97 92 103 72 91 141 162.65 203 184 86 137 139 40 54 44 54 54 49 58 61.9127 64 51.0051 81 82 75.2872 109 121 124 125 129 137.901 138 147 145 133 123 112 112.004 116 124 136.025 136 142 158 137.053 137 133 140.905 141 61 43 52 47 49 61 64 77 78 59 73 42 75 150 143 148 150 156 154 152.076 152 150.262 150 147 146 148 145 145 145 141.91 133 128 174.993 202 211 212 210 211 209 210 210.041 211 213 214 213 212 212
56 57 60 63 60 80 100 134 156 169.91 176 177 182 178 167 143 129 79 81.0004 132 115 87 74 91 57.849 50 67.2182 67 94 144 63 88 109 92 65 101 135 147 127 177 114 136 163 57 40.0199 53.9841 45 47 51.8451 47 58 62 65 51 77.016 77 75 109.273 114 117.195 121 125.946 134.027 134 142 147 146 135 129 128.975 123.948 130 168.009 168 173 175 140.927 141 145 151 141.053 61.0591 49 46.5718 43 52 61.0357 63 82 81.9156 62 76 47 71 155 149 150 150 156 155 154 153 152 152 149 149 146 145 144.681 144 142 132.966 127 175 209 214 211 210.217 209.111 211 212 213 214 214 213.428 213.428 209 208
53 53 57 58 56 80 97.995 131 156 167 177 177.173 179.672 179 168 140.024 86 69.17 114 127 109 66 93 94.3538 36 69 63.7248 73 118 130 95 87 79 109 113 110 145 143 143 167 136 185 72 46 55 58.8919 53 51 56.9 53 62.916 63 68 53 74 76 68 91 105.245 111 117 122 128 127.942 137 136.942 141.056 141.056 132 134.875 127 124 134.645 135 138 130 132 135.463 150 128 56 56.0276 48.1259 52 50 55 53 66 79 80 67 75 52 69 156.867 154 149.992 152 155 155 153 153.652 153 151 150 150 147 145 144 142.093 140 130 126 181 214 215 212 212 213 215 215 215 213 209 206 204 205 205
51 51 54 51 57 79.9722 92 126 150 165 178 179 180 180 163 134 84 67 129 105 99 49 105 78 36 68.9539 63 56 147 130.775 104 129 96.8523 88 135 111 110 123 148 160.58 185 96 59.8411 55 55 59 51 53 52 57 61 60 64 55 64 76 66 88.5507 97 105 121.937 117 125 125.113 134 134.112 141 141.056 135 132 124.089 128 123 122 125 132 150 147 140 79 49 49.0993 48 52 60 55 49 72 82 82 65 72.7156 55.4706 66 157 154.037 150 153 155 154.969 154 154 154 155 153 149 149 145 143.83 142 138 127 121 182 218 216 213 214 215.198 217 211.047 211 207 206 207 208 209 209
51 51 50 45 65 104.987 102 127 145 163 176.456 177 179 179 164 137.004 88 67 104.95 106 82 65 88 58 41 74 61 54 143 127 134.96 135 112 96 106 104.886 91 113 156 210 41.531 38 54 49 52 58 51 52 53 52.9639 55 58 62 61.6173 53 67 62 68 83 98 106 114 124 129 134 137 139.002 139 138 139 140 147 154 156.146 154 157 151 148 108 54 52 44 50 57 53.0182 53 46 75 84.3919 81 69 77 59 61 157 160 148 155.983 156.924 156.924 153 154 153.03 153 153 149 148 146 143 142 134.661 123 134.146 184 219 218 213.104 215 215 214 212 210 210 212 211 210 207.73 210
48 48 50 44.9696 64.9995 105 104 128 145 164 176 176 178 178.588 164 137 87.9922 67 100 110 78 84 84 50 44 78 52 60 123.879 102 129.044 129 109.837 98 83 122 118 96.9639 145 195.061 47 50 53 51 54 55.7948 48 48.7457 53 52.9639 47 55 59 58 52 62 58 64 63 77 97 105 117 128 133 136.546 139 139.002 138.474 138.474 147.67 157 169 171 164 160.533 151 148.09 68 88.8799 48 46 53 61 58 57 56.744 83 88 84 72 78 64 61.7879 157 161 148.046 156 157 156.924 154 153 151 151 152 150 149 146.047 141 139 135 123 122 193 220 218 215 213 212 212.043 213 213 212 210.101 209 207 207 205
47 51 48 47 73 72.9929 109.017 129 146 165 176 176 177.59 177 165 137 69.2561 69 96 79.1639 62 62.0043 91 53 51 57.4511 50 46.1001 119 84 59 85.9992 111.488 126 137.969 120.998 136 92 103 81.7231 60 51 53.9249 49 57 63 47 58.0011 51 54.9006 48 49 57 56 55 59 60 64 65.4907 47 68 89 124.985 125 131 135 140 146 148 157 168 166 169.922 166 172 165 153 131 48.0361 57.986 51 51.0677 55 62 51 56 47 88 91 83 75 80.8785 68 61 157 161 155.968 156 152.926 153 149 151 150 149 151 149 147 142 140 138 134 118.557 149.289 203 221.998 221.998 211 211 213 214 211.882 212 207 205 205 183.143 209 202
48 50 47 47.4507 62 62.0384 109 128.992 145.779 165 175.554 175 177.59 178 166 138 87 56 98 77 44 44.0321 90 55 62 67 50 46 126 109 59.0177 86 108 123 138 121 122.174 114 90 64 53 53 54 50 57 66 47.0466 58 51.0271 55 52 49 53 58 57 57 62 59 73 53 46 60 100.005 100 108 122 129 138 144 149 157 159.136 170 166.048 164 156 149 112 48 58 57 56 56 65 55 53 51 90 90 82 74.9623 81 73 63 155 161 144 145 150 150 150 151 151 149 149 148 144 141 138 137 132 116 140 210 222 221.998 210 212 214 215 209.052 209 206 207 203 181 144 153.329
45 48 45 44 52 87 101 125 150 165 172 172.666 177 177 118.033 118.033 69 98 136 102 49 74 59.0706 59 64 63.4923 49 40 112 111.949 85 72 104 76.5838 105 110.6 135.289 135 143 125 41 48 53 51 66 69.4699 60.9214 61 52 52 51.9703 50 53.9877 54 61 61 64 57 59.2258 75 58 86.8518 72 78 92 97.9677 113 112.995 134 145 151 157 161.904 158 155 143 140 139.996 40 52 59 58 59.7764 64 51.4775 52 55 90 95 84 82 84 71 73 159 154 116.534 120 131 130.995 141 143 148 148 146.927 147 144 141 135.738 134 129 113 158 216 218 213 211 212 211 210 186.999 186.999 196 79.9979 124 69 39 38
51 48.5654 39.0451 39 49 79 110.322 118 149 164.95 173 173 174 176 118.033 118 129 169 129.568 107 48 64 61.9003 62 63 63.4923 49 42 105 105.021 118 64 67 97 104.684 111 133 137 84 138 134 45 43 49 69 73 60.9214 60.9214 50 49 52 49 49 50 58 58 58.1528 52 56 78 86 107 121 129 134 139 112.995 112.995 141 138.757 158 151.012 159 162 159.316 167 139.996 139.996 122 105.678 49 50 55 60 51 51.4775 59.7084 86 91.4615 87 81 85 69 79 158.94 154.041 112 109 130.995 130.995 122 124 129 129.057 144.097 144 142 140 138 132 123 114 161.486 219 213 209 210 209 207.041 207 186.999 187 195.994 80 37 37 65.9895 66
108.986 60 52 45 47 69 73 79.2739 144 163 172 171 173 174 155 160 75.9522 71 73 91 33 61 83 58 58 74 64.9638 48 87 125 125 96 61 119 87.7528 88 102 113.99 88 85 163 125 47 50 72 68.5139 45 68 53 51 52 52 50 49.9772 51.0902 60 59.8527 53 52.1802 79 99 122 124.216 126 127 133 137.306 138 141 147 148 146 142.077 147.993 158 174 190 203 208 195 144 201.993 47 48 52 49 59 92 91 83 80 86 74 87 133.008 133 128.487 125 116 115 112 111 110 106.61 122.956 123 126 128 131 128 121 117.524 187 217 207 205 209 209 209 199.085 192 169 94 42 47 60 80 80.0304
109 59.9959 67 54 56 62 56 90 135 163 171.487 171.487 171 177 177 171.057 76 71 125 100.338 34 45 72 65 47 71 91 67 49 101.154 123 97 105 143 83.8793 84 102.032 114 96 135 128 109 102 98.5516 69 65 48.5479 71 52 49 48 55 49.9772 49.9772 51 61 60 52.9244 52 79.1616 104 121 124 125 125 130 136 137 144.777 143 141 140 142 148 162 177 189 195 198 204 144.002 202 153 77 35 37 55 88 87 87.8094 78 80 66 91 133.008 133 134 137 133 126 121 114 107 103 122.956 122.956 105 104 106 111 103 106 184 211 206.848 205 208 208 208 199 163 82 45 90.5505 64 51.7378 85 86
135.872 128 103 78 72 93.9933 49 73.2819 131 161.964 169 169.337 171 179 158.565 131 88 137 114 75.5543 44 35.027 81.0086 96 26 57 106 88 64 36 113 110 97 112 76 86.6296 104 116 122 127 136 63 116 73 60 62 41 70 50.093 50 47 56 57 57.0124 54 57 68.0753 71.9488 50 69 102 115.274 121 124 128 128 134 137 140 140.057 140 141 145 154 167 180 190.897 191 194 198 201.2 204 216 205 220.996 155.003 48 82 86 75 74 73.9858 64 96 140.996 140.996 144 141 140 135 133 130 121.946 114 109 100 96 90 123.239 118 97 94.7706 176 211 204 209 208 206 197 167 83 42 72 76 77 85 86 87
134 140 136 112 94 72 45 78 132 162 169 170 172 178.965 162 134 145 127 67 39 43.9714 35 81 95.9753 77 53.3955 95 77 59 79 75 83 120 74 71 93 117 126 143 137.052 93 100 75.1408 118 57 55 46 73 53.9665 54 49 54 63 62.9286 51 58 68 72 50.0192 70 101 115 119 127 128.031 128 137 143 140.057 140.057 136 142 151.055 159 169.217 178 187 188 191 193 199 202 210.041 210 221 155 68.4497 58 81 67 73.9858 73.9858 74.7244 104 140.996 141 141.123 145 143 140 139 135.47 133 127 123 115 90.0548 96 110 134 101 90 187 212 209 212 210 207 159 186.26 44 80.8725 83 78 84.2302 95 88 87.3449
130 115.399 152 139 116 82 47 75 132 163 174 173 173 177 156 156.484 184 93 61 47 47 45 54.0024 54.0024 92 86.057 58 65 85 90 46 111 65 62 72 94 112.652 129 136 153 68 109 104 110 80 43 48 70 56 54 53 54 64 54 54 65 71 90 53 62 101 118 125 120 123 138 137 139 141 139 139 145 155 161.909 165 173 180 184 188 191 195 198 204 207 209 225 163 55 69 59 70 68.2171 51 50.5048 155 143.02 150 146 144 144 143 138 137 135 129 132.93 123 125.921 118 134 105 125 204 212 212.498 212 206 194 110 38 80 95 85 86 103 100 88 91
112 133 151 151 143 119.046 49 72.8496 132 163 176 175.837 173.061 176.934 157 156.484 154 108 58.8514 45 54 55 54.0024 54 56 51 71 62 45 53 49 94 74 62 72 94.0416 96 108 143 143.619 118 96 144 91 106 40 51 72 60 55 51 51.136 61.7556 56 54 68 75 109 66 52 105 122 115 122 134 139 137.095 140 140.919 139 143 141.082 156 162 168.474 170 175 177 182 186 191 194.615 202 207 209 211 228 149 62.6088 49 66 72 50 50.5048 154.979 143 150 146 142.181 142 142 141 139 137 133 130 126 122 124 134 118 156 211 212 212.498 213 202 165 71.5669 66 95 90 91 102 114 98 89 98
64 114 146 164 121.023 121 52 72 134 165 177 176 178 178 159 159 136 65 41 44 62.5904 58 61 55 45 52 65.9721 66 45 62 77.0234 47 95 64 73 74 93 111 109.014 120.972 150 115 35.9911 35.9911 149.471 43 38.4704 67 59 53 46.0471 51 67.9827 54 47 60 80 122 73.16 73.16 99.0303 114 125 127.179 133.055 138 139 139 139 141 143.024 148.94 153 159 161 161.035 173 175 180 183 189 195 199 204 208 211 226.836 227 111 35 59 58 48 138.018 144 145 145.462 146 144 144 143 142 141 138 135 132 127 127 131 138 126 177 217 213 212 211 194 123 71 91 94 103.965 101 106.243 104 93 97 104
38 78.3105 144 161.84 134.987 135 58 62 133.855 165 176 177.062 178 177 147.306 147 142 83 41.2449 44 46 70 50 51 47 61 59.0438 59 57 38 77 47.0401 71 85.7447 87 97 79 91.86 109 121 154 119.701 36 35.9911 163 53 35 64 62 53 46 51 68 55 51 54 89 124 73.16 73.16 93 119 131 133 133 137.955 140.789 141 141 141 143 149 152.991 158.907 161 161.035 168 173 178 182 188 193 198 203 210.892 209 225.099 225 202 55 51.0291 51 49 138 140 147 147 145 143 143.634 140 140 139 138 137 134.188 125.149 125 127 144 156 193 216.922 214 211.711 211 175 89 82 92 94 104 111 105 89 95 105 103
34 54.993 137 171 169 143 48.0268 56 134 165.156 176.683 177 178.393 179 169 136 134.67 81 40 45 55 56 46 50 41 68 107 51 66 36 55.9615 82 79 64 85 108 78.5143 78 100.953 144 152 96 43 90.0994 50.9993 51 37 65 71 56.9856 47 53 62 49 52 69.9722 100 110 87 48 96 123.932 130 130.347 138.961 135 138 140 140 142 147 148 149 154.03 158 158.269 167 172 173.95 181 186 190 198 203 208 211 214 216 232 126 32 40 64.1201 147 143.048 149 147 146.791 144 144 141 136.938 137 136 135 131 125 121 141 177 195 207 215 215.127 211 182.024 140 85 95 96.7616 108.987 114.903 110 92 88 101 103 101
35 55 127 169 172 138 48 55.9641 133 165 176.683 177 178 180 169 145 138 78 42 50 57 49 46 53 38 93 111 55.6871 65 51 56 81.9422 75.4669 61 79 102 78.5143 79 95 139 141 126 37 98 33.0271 33 47 72 70.9498 57 49 52 62 48.9507 52 70 101 111 98 51 95.9503 124 131 130 136 139 138.379 136 141.544 140 144 145 148 154 156 160 166 170 174 180.878 186.143 189 196 203 207 210 213 215 227 195 47 30 62 149 143 149 146.791 147 146 143 141 137 134 134 131.522 128 122 133 176.774 203 202 211 217 216.864 211 182 107 90 93 99 109 115 101 89 91.2348 104 99 104
30 39.0043 109.898 166.889 172 142 51 52 132 166 178.226 178 179 179.506 167 149 132 48 49 57 48 47.9364 47 40 45 128 77.9966 38 50 66.9745 57 48 49 52 67 88 113 58 88 142 142 141.944 145.083 119 154 91 40 73 56.5054 56 54 55.8732 54 54 87.5114 83 114 128 100 56 100 125 133 135 137 137.549 136.681 136 136 136.125 144 145 150.8 151 154 157.964 163 167 174 173.819 184 189 195 201 207 210 212 215 217 229 95 22 76 148 147.499 147.499 146 145 146 143.418 139 138 134 132 128 128 119 157 218.884 215 209.062 214.978 216.879 215 149.678 147 95.3158 91 92 103 114 112 94 90 103 104 102 100
31 39 110 167 174 147 48.1015 48 131 166 178 178.226 180 179.506 168 149 107 51 60 45 44 44.0628 44 43.53 91 96 78 39 50 67 48 39 56 51 60 67 116 86 90.078 144 135 135.016 139 158 86 148.009 52 56.6165 56.5054 57 54.136 56 51 54 68 108 127 126 92 62 104 125 131 136 137.549 138 137 137 139 139 144.44 144.44 149.063 149 154.091 158 161 165 172 172.082 182 186.777 197.16 199 205 207.678 211 213 219.165 231 148 21 78.1677 146 148 147 145 144 143 140 140 139 134 131.965 128 124 119 175 219 214 209 215 217 215.141 184 122 100 95 93 102.907 115 102 91 98 106 101 98 88
34.5272 37 108 165 172 156.032 69 48 125.271 167 176 174 175.098 176.835 165 164.954 115.257 65 47 44 47.0012 47 56 73 50 73 46.0488 46 54 65 46 43 58 51 73 66.243 58 114 134 136 107 92 132 104.697 86.8109 93 83 66 62 66 55 56 57.6456 57 80 116 125 128 85 78.8129 109 128 133 133.331 139 142 138 136 135 138 140 141 144 148 153 157 159 163 169 173 181 189 193 198 204 207 210 212 213.016 224 195 31 91 147 148 149.876 142 143 141 139 140 139 132.303 132 127 124 139.856 185 218 207 208.203 216 201.938 204 154 118 107 99 99 108 102.98 98 91 101 98.9728 98.9728 90 82
31 34 110.266 163 173 156 72 48 125 166 177 176 175 177 165 164.954 123 59 46 49 47 47.0012 52 55 47 70 50.9481 51 64.9917 53 45.9799 43.1501 53 58 85 50 41 96 130 121 92.4262 72 46 66 74 79 96 105 111 84 54.1786 54 50 67 87.8532 122 126 131 81 74 116 131 133 134 139 141 138 136.163 133 136 138 142 144.13 149 151 155 161.307 161 168 170 185.788 185 191 197 204.184 206 209 212 213 223.971 220 69 96 148 148.139 150 143 143 140.954 138 139 140 132.303 132 126 125 132 191 217 205 206 218 215 187 129 116 108 99.0148 99 108 103 98.0809 92 100.387 99 98.9728 89.9833 82.0459
34 34 86 157 173 158 77 52 125 164 176 176.347 179 180 161.897 152 118 50 52 47 65.8068 46 67.1618 64 45.9027 59 60.239 52.3017 46 57 46.0691 38 51 56 84 59 82 85.2198 108 114 109 133 71 63 65.9735 45 55.1321 57 63 79 61 45 54 81 111.017 123 129 113.006 70 87.2554 124 133 135 139.92 139 141 142 137 135 137 139 138.918 142 146 148 151.739 158.154 161 167 169 174 183 187.979 192.878 200 201.846 207 209 213 211 227 116 98 150 138.041 143.958 143 143 140.058 140 140 140.496 137 132 129 131 131 175 209 202 207 217.966 210 168 119 114 108 95 97 101 95.1084 90 103 103.079 96 90.0374 92 96
40 39.9575 76 143.456 172.985 158 89 56 122 163 176 177 177 179 164 154 97.5134 65 52 47.0437 47 66 75 52 44 61 60 52 56 51 61 49 54 53.2865 83.986 59.006 61 114 123 122 71 103 126 93 66 44.9973 55 56.8693 56 48 61.0044 44 64 89 111 122 129 113 62 98 127 135 135.021 140 142 141 139 138 135.387 137 137 137.181 142.18 146 148 152 156 159 164 166 172 180 188 193 199 202 207 209 212 211 222 170 114 145 138 144 144.87 145 143.932 144 140.496 141 138 132.108 133 136 157.629 144 166 182 207.012 218 206 155 112 109 100 102.007 101 97.0559 76 104 105 104.817 90 95 97 93
40 33 66 66.0004 167 158 101 63.1251 119 161 175 176 176 176.29 167 150 119.835 77 55 41 59 66 49 44 58.7544 65 59 56 65 64.9717 60 48.383 61 75 38 92 69 61 71.9312 120 78 59 124 160 48.3083 46 49.7019 56 50 49 46 46.1416 71 95.0396 117 123.964 128 91 66 112 133 137 140 140 144 144 138 140 138 136 137 137.423 142 144.857 148 150 153 152.238 159 164 171 178 184 191 197 201 206 210 212 212 216 205 143 124 105 118 118.683 135 142 128.423 146 144 141 137 138 146 146 133.838 131 171 217 218 196 139 110 103 91 97 94 77 91 106 98 89 91 96 68.9806 79
37 33 66.0004 66.0004 169 163 103 61 116 159 173 173.076 177 178 162.198 146 122 79 55 43 51 48 46 50 59 64.6707 59.1918 56.3621 58 58.0434 53 39 60 74.7922 54 101 59.6297 54 38 73 76 61.1442 135.333 106 42 53 45 52 41.0308 41 48 47.8788 82 110 117 124 92.3344 65 78 128 135 136 139 141 144 144 142 142 137.737 136 137.423 138 142 145 148 150 152 154 161 164 175.732 173 181 187.562 193 199 205 209 212 212.002 211.456 221 155 82 80 83 93 105 115 125 132 136 137.032 141 143.846 155 144 132 152.876 187 220 219.153 174.137 123 102 85 89 94.7739 75 81 103 98 94 90 91.0429 95.9421 84 63
35 33 52 139 178 177.469 110.971 110.971 112 157 171 174.946 177 179 161.74 149 113 88 51.522 44 55 46 44 48.4386 58 59 51 66 63.1472 58.248 46.0566 49 49 60 77 103 130 97 102.003 62 66 93 84 71 47 45 41.0934 46 44 41 78.3701 74 99 120 116 125 91 52 104 133 134 134.249 140 143 144 141 142 141 140 137 135.514 135 138.076 143 145 148 151 154 162.896 163 168 170 177 187 191 198 206.423 207 211 213 213 227 166 122.814 95.0011 95.0011 88.9647 83.0485 82 87 93 102 102.362 127 136.799 158 144 136 149 204 222 203 151 105 81 76 94 85 75 100 100 94 92 96 103 88.9584 73 55
38 32 48 138 177 177.469 110.971 110.971 109 157 170 175 176 179 174 140 102 102.923 55 47 45 40 58 62 50 60 50.9762 65 63 58 46 48.8863 55 50 42 77 116 116.105 102 62.0152 106 71 67.6853 50 54 45 46 41 41.0714 44 62 86 110 118 121 112 76.6646 73 125 114.722 135 136 139 140 143.8 141 143 141 139 139 136 135.514 138 142.975 143 145.62 150 151 159.023 159 165 168 175 183 189 195.861 206.423 206 209 211 213 222 195 83 95.0011 95 89 83 74 66 62 74.1368 60 78 108 137 178 165 166 212 209.039 183 119 75 60 80 83 78 97 105 90 92 90 100 102.923 89 70.8955 53
56 56.0042 64 129.996 182.111 182 141 67 110 110.012 171 175 175 181 176.078 131 106 81 43.187 48 60.206 54.2897 54 54 50 55 55 65 62.4698 57 55 44 52.7999 55 51 46 80 137 139 103 95 108.007 41 51 44 47 45 44.2815 40 62.0482 75 100 114 117 55.5554 62 48 110 132 136 137 137 139 139 139 143 143.06 143 141 139 137 136 138 138 141 144 148 151 154.16 157 160 165.065 175 180 186 194 199 205 206.964 206.964 213 212.538 218 111 91 106 102 97 88 77 64 49 42 37 65 167 199.539 166 179 215 212 155 59.0414 59 70 83 71 90 109 97 87 83.3923 108.161 105 99 86.9877 58 52
89 88 64.0035 130 184.94 185 125.614 80 110.012 110.012 172 177 176 183 176 131.089 101.313 85 41 50 60 54 44 52 51 52 61.0173 60 65 59 46 45 46 48 68 54 130.574 85 134 134 95.0457 108 52 46 44.7912 42 39 40 45 68 86 110 119 124 72 42 91 130 132 135 139.873 140 139 140 139.321 142 143 143.06 143 140 139 138 137 140 138 141.605 145 148 154 156.99 159 165 170 176 185 193.922 198 203 207 206.964 212.538 212 225 120.292 82 108 108 104 87.9818 77.0273 79 69.4966 49 35 66 187 203 163 192 214 181 89 64.9576 65 76 70 81 106 108.953 96.9945 80 83 101 113 93 79 65 58
89 106.976 107 140 174 184 159 90 107 154 173 178 178 183 178 124 111 67.972 45 48 47 47 47 54 53 49 61.0173 61 65.2451 62 77.9921 43 56 80.7542 59 69.8957 65 67 101.703 106 122 69 45 47 46 43 38 44 59 79 122.983 123 115 64 39 86 123 128 131 135 139.626 140 141.072 139 139 140 144 141 144 141 142 138 140.855 141 140 140 142.116 145.989 150 153 159 164 165 173 173.988 173.988 195 201 205 205.26 212 210 220 213.758 93.5186 100 109 107 99 94 87 77 65 53 73 167 204 194 192 173 49.0254 49 56 71 66 77 101 103 83 82.981 79 98.7122 111 96.9945 89 79 63 66
89.0033 107 116 127.85 172 181.708 156 95 107 153 172 175 179 182.677 178.315 124.324 110.96 68 42 51 54.3177 54 51 55 55 43 80.9923 81 58 70 78 43.0064 54 83 57 72 63 73 101 105 68 75 41 47 45 39 39 53 79 95 78.994 79 47 54 95 116 124 129 132 135 137 138 139 141 140 142 143 143 144 141.256 142 142 140.855 141 140.302 140.302 142 146 149.989 152 161.679 161 166 169 174 173.988 190 197 203 207 211 211 216 209 97 90 104 105 101 97 97 86 66.6677 83 90 143.744 216 200 143 90 59 58 58.1634 69 74 69.5016 107 90 73 73.0311 86 108 111 97 89 67 67 67
58 95 100.134 122 164.832 180 158 99 106 150 171 178 180 182 179 129 92 60 41 41.0264 53 57 53 53 64 44 59.7122 85 63 71 117.982 86.9986 49 75 44 84 91.0163 58 94 118.99 77 90.517 44 44 45 45 44 53 63 56 51 57 84 88.7245 126.897 124 125 130 132 135 137 137 140 139 139 143 142 145 146 146 145 143 141.767 139 140 141.724 141 145 147 150 155 159 164 170 175.001 175.001 187 194 200 205 207.021 211.921 212 220 126 80 100 93.7482 105 101 101 94 100 101 97 155 192 143 83 73 70 76 72.0211 91.9961 99 99.0191 66.0257 77 65 75 101 116.991 109 98 75 62 70 61
49 69 88 113 160 176 159 110 108.241 148 171.033 177.961 181 183 159.417 143 69 49 46 45.9257 49 61 57 58 70 45 55 81 54 68 118 87 39 88 64 50 97 63 94.0095 119 110 63 43.8006 43.8006 46 45.3705 48.6973 49 57 72 88 107 118 122 124 127 128 128 130 133 134 137 137 137 141.146 141 142.155 144 145.834 145.834 145 143 144 141 139.987 142 142 143 147 151 155.136 158 162 168 175 175.001 187 191 197 203 207 212 211 223 160 74 93 99 105 109 104 104 113 113 109 117 121 90 81 86 88 80.0851 72 92 107 106.956 76 66 65 94 101.022 117 110 92 74.9912 62 61 69.9776
56 61 57.9825 98 158 186 172 120 109 147 172.332 179 181 184 177 122 63 58 48 51 47 61 59 57 75 70.2568 51 85 42 63 98 109 40 76.7091 107 33 78 86 68 112 90 65 42 40.1356 43 45 55 78 95 109 112 117 123 124 126 128 129 128 128 128.167 136 135.898 135 139 141 141 142 142 145 145 146.101 146 145 146 143 142 146.627 146 148 148 152 155 160 165 169 177 182 187 193 198 204 211 209 218 190 78 87 98 105 106.74 111 110.993 118.932 116 114 114.184 100 99.8922 101 105 92 79 85 99 72.281 76 76 76.4858 78 109 120 114 101 78 61 58 55 51
54 57 58 97.97 177 206 201 159.831 110 148 172 179.26 181 185 174 105 58 54 53 47 52 59 56 58 65 61 52 102 40 73 104.44 114 86 47 102 54 49 101 60 81 99 61 40 42 54.0769 56 77 98 108 116 112.205 117.105 124 123.431 126.156 127 128 131 131 130.997 134 134.161 138 137 138 140 140 141 144.527 144 146.101 147 146 148 146 146 147 147 149 150 152.433 155 161 166 169 176 181.986 186.885 191 198 203 207 208 212 165.369 96 78 98 105.003 107 110.993 110.993 119 116 114.184 114.184 106 107 101.113 104.987 93 90 99 93 74 70 76.4858 77 94.3476 121 114.023 106 87 65 56 57 52 61
50 54 52 90 188 202 201 165 112 147 171 178.677 178 182 172 124 58.8621 47 48.0575 53.9737 62.5441 58 63 75 60 62 96.3257 97 43 76.0458 88 85 117 39 90 78 51 80 71 60 97.6764 107 72 33 53 75 92 104 110 116 120 123.754 123 127 126 127 130 131 131 131.191 135.375 136 136 135 140 140 140 141 145.517 146 146 146.069 147 146.538 150 148 147.169 147 152.776 153 153 155 162 165 166 173 177 185 189 196 201 205 208 207.997 220 129 70 95 98 104 115 118 123 122 116 115 125.869 126 108.165 105 94 98 89 83 84 80 78 98 123 127 112 92 68 52 51 58 70 89
48 53 49 77 183 196.033 198 168.445 113 149 170 179 179 183 171 123.724 61 45 48 54 55 66 67 70.2296 66 63.7564 109 80 48 82 83 62 102 83 94 82 40 69 71 59.9901 71 78 103 67 73 87 94 106 113 118 121 124 125 125.198 126.156 128 128 130 132 131 133 138 136 134 139.865 139 140.943 141 145 145 144 144 147 146 150 149 149.998 150 150 151 156 156 160 162.414 165 172.932 174 181.583 189 194 198 202 207.997 208 219 165 88 79.1699 91 101 109 112.523 132 127 122 123 134 135 119 97 89 80 85.2083 87 91 83 88 114 123.735 126 96.3158 69 53 68.0599 51 67 93 103
