162 161 162 158.588 158 156 155 154 156 160.995 167 172 172.027 164 149 118 97.0583 97 103 106 107 108 109 109 109 106 111.043 117 120 123.989 126 128 132 130 134 130 129 130 132.926 132.926 132.811 132.811 133.615 134 134 132 132.375 133 135 136 134.252 134.252 135 132 131 131 132 133 132 131.99 134 135 132 133 137 129 132 131 129 132 127.153 129 130 129 127 128 123 121 105.018 105 112 133 142.987 154 161 158 152.239 152 154 153.769 157 154 153 152 153 153 156 156 159 154 162 202 214 218 215 157 105.964 105.964 117.051 121 120.663 120 124 121 121.193 121 123 125 126 122 125 127 125 123 117 117 166 167
160 160 160 156 155 154 154 154 155 161 167.044 172 172 163 144 116 93.1843 93 102.944 106 105 105 105 106 106 108.887 111 117 120.115 124 127.758 126 131 130 131 130 130 131 132.926 133 133 132.811 133 133.615 134 132 132.375 132 133 133.078 134.252 134.252 134 132 130 130 132 132.204 129 129.159 133.228 133 131 132 136.884 130 130.221 130 131.84 129 127 129 130 129.562 128 126 122.895 120 105.018 105 109 129 143 153.941 159 158 152.239 152 153 154 155 154 152.33 152.33 153.53 154 155 155.822 156 155 155 194 214 217 188.974 176 105.964 106 117 120.925 121 121 123 122 121 121.193 125 124 124 122 124 126 126 123.107 119 127 131 101
157 156 157 155 155.334 155 154 154 155 163.025 170 171 170 160 139.061 115 91.3838 91.3838 98 103 106.254 106.254 105 104 103.536 103.536 111 116 121 121.368 125.272 126 127 129 129 130 132 130 130 130 131 133 133 133 132 131 132 133 132 131 131 131.511 131 132 129 129.475 131 131 128 130 132 131 130.322 130 130.714 131 129 129 128 128 127 127 128 128 127 126 123 119 114 109 104 116 136 134.173 156 160 156 153 155 157 155 156 156 155.752 155 154 154 152.248 154 154 149 166 206 214 218 211 142 100 112 117 120 121 121 121 118.963 122 121.765 122 123 124 124 126 125 129.996 132 105 53 40
158 156 156 156 156 155 153 153.79 161 167 169 169 166 157 139 115.082 92 91 98.1814 103 106 107 106 103 103 104 111 115 119 123 125 127 127 128 129 131 131 130 130 130 131 132 132 134 132 131 133 132 131 132 131.511 132 132 131 130 130 131.091 131 129 131 134 135 132 131 130 131 131 129 129 127 128.896 129 128 128 128.945 129 124 122 115 113 103.992 115.951 128 145 153 156.055 155.15 158 158 161 161 159 155.752 156 154.552 154 154 152 152 153 152 149 186 213 217 221 190 115 106 113 118 118 121 121 119 121 121 122 123.62 124 124.184 125 130 134 100 54 46 50
157 156 156 157 157 156 155.064 159 165 167 167 166 164 154 140 116 92 90 99 102 106 107 105 103.293 103 104 110.991 116 119 123 124 126 128 129 129 131 132.039 132 132 130 132 132 132 133 134 132 132 131.669 131 134 132 132 132.933 133 133 130 130 129.042 128 131 134 136 134 132 131.317 132 130.871 127 126.941 130 126.688 127 130 130 128 128 126 122 117 115 109 103 117 124.938 150 157 162 162.342 160 160.253 163 161.198 158 159 157 154 155 154 151 152 152 148 159 202 214.186 219 217 159 101 119.004 115 118 121 123 123 122 125.056 125 126 128 136.456 133 136 94 48.2955 45 49 47
155 155 157 156.841 158 156 155 160 166 165.158 165 165.158 163.962 155 142 120 92 92 98 101.924 107 104 104 103 103 105 111 115.89 119 122.702 124 125.62 127 129 130 130 130 130 130 130 130 131 131 133 133.698 131 131.669 131 131 131 130.111 130 130 129 129 130 131 129 127 129 132 135 134 131 131 131 131 128 129 127 127 126 127 126.875 127 128 125 124 121 113 106.703 105 111 133 150.006 156 162 163 161 160 162 161 160 156 157 155 154 152 152 151.747 151.94 148.066 144 177 212 217 221 164.142 124 105 115.102 117 122.896 121 122 121 126.797 127 129 130 135 139 95 48 48 52 47 51
156.312 156 158.443 158 158 157 158 165 166.399 166 162 159 161 157 141 113.062 88 88 97 103 105 104 105 103 102 107 109 113 120 121 123 126 129 128.755 128 130 129 129.136 129 129.097 130 129 129 129.302 131 128 130 133 135 131 127 126 125 126 127 127 127 126 127 126 128 129 132 131.77 131 132 128 127 128 128.115 126.688 127 128 126 126 128 124 123 122 113 109 106 114 130 146 156 160.984 160.984 163 160 159 159.119 157.387 157 155 156 153.069 153 153 155.895 151 150 146 145.723 199 216 220 221 174 103 104.023 114.978 122 122 123 121 121 124 126 133 137 91 52 47 44 47.736 50 54
158 158 159 159 159.914 160 165 169 168 164 159 161.95 162 159 141 113 89 88.3754 98 103 106 106 105 103 102.07 106.969 109.113 112.987 119 122 123 126.152 127 127 128 130.085 127 127.395 130 129 130 131 130 129 131 129 128 130.755 134 132 124.131 124 122 122.121 125 128 125 125 125 125.185 129 129 129 130 132 131 127.409 127 128.115 128.115 127 126 125 127.859 126.217 127.959 127 122 120 115.057 111 108 115 131 143 152.355 160.984 161 161 159 159 159 159 158 156 156 156 155 156 154 152 150.175 149 142 171 194.141 216 222 213 140 104 115 121.992 122 122 122 122 123.983 130 136 91 42 45 49.471 47 50 50.01 53.884
158 158 159 161 161 164 168 168 168 163 159 158 162 156.031 141 114 91 92 98 102 106 106 104 102 102 105 110 113.804 118 122 122 124 123.991 123.991 128 129 125.895 124.153 128 130 130 129 130 129 129 131 129 130 132 129 127 124 122.163 122 124.35 125 127 125 123 123 126 129 129 129 132 130 127.02 127 127.174 128 127 125.205 127 126 127 126.708 126 123 119 114 111 108 115 114.524 140 150 156 152.015 160 158 158 159 156.278 157 157 157 157 156 156 155 154 152 151 144 145 145.005 210.01 220 224 196 116 106 115 117 122 120.102 125 129 134 93 44 44.4322 54.721 51 52.8777 51.1361 51 54
160 159 162 162 164 168 167 166 165 161 158 160 161 156 139 113 86 87 97 101.937 103 102 102 103 103 104 110 114 118 120 120 123 124 123.991 126 129 126 124 126 129 129 129.317 126 129 130 131 128 128 129 128 126 125 124 123 124 124 124 121 121 122 125 128 129.354 130 131 130 127.02 127.02 129 127 126 125 126 127 126.708 127 126 122 118 118 114 108 114 114.524 139 147 152 155 157 158 157 157 156 156 157 154 158 155.955 155.528 155 153.84 151 149 146.381 145.005 145.005 210 220 222 221 158 98 111 114 120 123 128.962 134 90 43 42 46 54 57 53 51 50 48
161 160 160 159.916 169 158 162 160 160 161 160 160 161 156 139 111 85 87 97 104 103.225 103 103 103 102 103 108 111.769 120 119.594 121 123 125.931 123 126 125 124 126 128 129 128 127 128 129 130.786 129 129 129 129 127 125.123 128 124 123 121 118 119 117 115 124.471 127.938 125 128 130 129 127 127 126.684 128 130 126 126.081 126.708 126 126 127 124 122 117 116 115 109 114 126 138.281 145 149 149.049 155 151.146 156 155 155 155 153.288 153 153.659 153.659 155 153 150 147 143.636 144 140.494 141 189 218 221 225 205 121 101 111 113 121 133 93 44 43 47 51 59.96 54 52 47.0125 46 46
162 160.133 159.916 159.916 169 158 155 153 154 162 161 159 160.955 157 141 113 86 87 97 102 104.967 105 104 103.07 105.992 106 110 114 119 120 123 124 124 126 127 125 126 124.12 128.449 129 128 125 130 130 131 129.045 127.334 127 130 127.174 125 127.954 134 134.005 137 156 159 156 155 148 133 121 115 118 123 125.359 126 127 129 131 129 128.912 127 127 127 126.708 125 122 118 115 114 108 112 124 136 143 149.049 149 151 155 154.102 154 153 153 154 155 154 153 153 150 147.668 145 144 143 140.494 140 204.029 207 219 223 223 168 102 110 115 126 132.991 93.0038 45 46 50 55 60 55 51.912 47 46 47
162 160 167.331 170 165 152 135.061 144 152 163 161 161.533 164 157 142 115 84.0351 87 95 101 104 105 104.024 104 106.019 106 112 113 119 121 122 125 126.877 125 126 126 128 129 129 129 129 128 129.948 130 131 128 127 125 134 143 145 143.118 148 148.064 167 173 181 179 173.014 185 184.136 179 158 192.816 116 115.985 123 125 129 130 126.111 127.853 126 126 124.059 124.059 119.207 120 119 114 112 108 110 123 137 144 144 145 149 152 153.62 154 153.894 154 153 154 154 151 149 148.96 144 143.713 143 142 142 141 142 182 215 220 226 213 136 107 125 86.2257 42.0388 42 45 46 53 55 57 56 45 47.2059 47 46.5762
160 161 167 169 159 144 135 144.006 152 164 162 161.533 165 158 139.729 113 84 86 93 99 102.06 102 104.024 104 106.019 106 116.9 117 119.138 120.879 122 125 127 125 124 128 128.567 128.567 128 128.567 128 125 125 126 128 128 129 141 145 153 143 145 152 151.938 165 169 179 180 173 184.972 179 184 157.83 193 178 177.977 112 117 125 126 126 128 126 126 124 124 121 119 116 114 113 107 110 125 139 145 145 144 147 149 153 154 152 151 152 149 151.701 148 145 145 144 143.713 140 141 142 141 138 148 200 220 224 228 192 125 95 45 46.9383 47 48 51 55 52 50 50.2742 50 48 46 45
160 167.062 171 163 151 131 121 137 156 165 165 165.45 165 164.967 143 112 81.2408 83 94 97 99 100 101 100 104 103.487 111.387 115 118 120 122 124 122.423 124 124 121.869 127 126 129 126 125 130 137 143 137 124 135.416 142 131.047 142 145 150 149 149.103 159 165 169 174 175 178.917 178 185.15 186 190 191.043 200 170 121 111 124 124.96 125 124.981 125 123 123 119 116 114 113 109 106 111 124 139 145 146 144 146.12 147.862 150 152 152 148 147 146 145 146 145 144 142 140 140.286 140.286 141 141 142 134 167 216 221.054 226 228 148 42 42 47.1517 47 53.6288 54 53.2216 46.2932 48 50 52 48 46 48
163 171 168 157 140 138.785 108 140 158.337 167 166 165.45 165 164.967 142.993 112.009 82 81 90 94 99 98 99 100 103 103.487 109 113 117 119.907 122.447 120 122 123 122 125 126.683 126 124 129 137.707 144 142 134 134.722 122 126 135 131 142.002 141 142 151 152 161 162.662 166 168 176 179 178.222 185 187 189.732 191 199.988 203 191 144 110 124.96 124.96 120 121 121.113 121 118 115 110.14 110 107 103 108 123 138 144.985 147 144 146 148 146 148.378 151 152 143.099 143 145.347 145 146 143 143 143 140 141 141 141.007 143 134.03 141 192 221 225 234 155.988 29 45 48.8934 49 54 53 53 46 47 55 47 46 49 54
169 174 162 150 98.9709 85 104 140 159 167 165 164 165 158 142 115.591 79 77 87 93 95 97 99 101 103.838 104 105 107.604 115 116 118 118 124 123 124.464 125 125 125.004 141.54 151 109.084 121 121 119.022 122 121 128 134 128 133.033 136 132.006 144 141.117 155 154.914 169 173 177 185 186 184 188.906 187 188 194 195 198 199 166 114 104 118 117 110.032 118 117 112.916 111 110 106 102 107 124 140 148 150 146 145 144.996 145 144 147 152 147 147.126 141 143 145 143 143 143 141 141 142 145 144 144.209 140 157 194.543 233 168 42 40 44 48 55 54 56 47 44 51 45.0499 45 47 54 43
173 169.056 146.971 139 99 85.0067 106 137 157 164.662 166 164 164 155 139 112 77 77 87.0953 93 98.7428 101 100 100 101 102 107 110 115 115.423 116 118 120 120 124 124.464 125 125.004 129 122 109 121 119 122 124 121 129 133 129 133 135.88 132 143.948 141 151 160 172 175 176 179 182 184.401 189 187.165 191 191.634 197 194.93 193 206 193 126 102.017 102 110 117.969 116.79 113 110 110.469 108 104.118 107.222 123 142 150 152 150 144.996 144.996 140 140.051 138 146 149 148.867 141.212 142.954 146 144 142.812 142 142 143 144 144 145 146 148 147 193 165 53 152.995 46 46 49 54.9369 55 50 49.3053 53 51 45 48 65 47 26
172 164 149 114.162 81 78 109 137 158 158.038 167 164 164 156.011 140 110 77.1802 78 89 95 99 101 99.6234 99 99 101 106 109 114.113 115 115 119 120.022 120 122 124 122.038 130 141 128.173 116 111 113 119 125 125 128 128 134 137 134 135 138 140 147 154 162 166 174 181 183 187 192 191 193 196.053 191.832 196 196 194 204.02 215.979 138 105 93 107 111 110 104.5 107 104.166 101 104 122 144 153.002 155 154 150 143 128.993 112.022 128 128.009 150 147 143 145 148 144 142 142 143 145 145 147 147 149 149 153.677 132 50 41 45 44 53 53 51 48 43 56 54 48 50 64 59 139.607 84
165 156 135 95 82 82 109 136.991 158 158.038 164.099 166 163 156 140 110 77 79 88 97 100 99.1347 100 100 101 102 106.079 110 114 116 114 118 120.022 120.022 123.91 121 122 129.975 127 109 107 110 119 113.107 122 126 124 131 128 131.631 138 136 138.101 139.842 149 150 157 169 179 176.33 186 185 191.285 191 194 196 193 188 194.125 196 204 216 226 219 120 86 107 106 102 104 104 100 103.8 123 144 153 156 155 153 147 129 112 128.009 128 149.912 147.081 145 145 147 144 143 142.458 144 142.973 144 146 147 149 156 147 119.781 41 46 44 48 53 49.3183 47 44 47.9851 54 48 47 49.9152 69 33 72 156
160 146 112 82 84 86.3795 109 140 157.173 166 167 168 163 156 138 110.085 78 78 90.0846 95 99 100 100 100 101 103 107 108.578 114 115 116 120 122.318 123 121 123.503 127 126 106.077 109 112 114.405 118 119 123 119.362 122 125 126 132 133 133.125 133 141 140.021 150 159 169 183 185 186 186 188 191 197.711 182 190 201 209 212 215 211 224.556 234 201 84 91 103 99.4009 101 96.824 97 103.295 123 142 152 154 154 153.998 153.998 133 103.657 85 106 132.828 148 148 143 146 145 143 144 144 143.558 145 147 148 160.98 157 87 39 39.1702 44 49 52.1527 52 51 44 51 51.0364 49.024 58.9739 54 77 59 66 160.705 163
151 128 89 84 88 86 109 139 157 167 168 167.456 160.793 154 138.067 110 82 81.942 90 95 98 100 101 104 100 102 105 111 114 115 117 119.779 122.318 122 123 125 109.983 110 106 108.908 116 118 121 121 121 117 119 127 130 137 137 136.999 136 139 140 149.971 158 167 179 181.332 187 193 176.662 173 187 204 200.837 209 209.602 207 207 209 208 215 231 165 76 92 97 99 95.0824 95 101 121 140 153 154 154.371 154 153.998 136 100 59 78 122 140 148 146 145 146 143 143.381 143 143.558 146.869 145 148 161 114 39 40 41 49 55 54 53 43 51.011 55 46 49 59 64.8449 69 74 132 151 149
138 117.575 82 88.3344 88 86 108 138 156 166 167 166 165 155.916 135.916 109 80 79 96.6046 95 96 101 102 101.728 100 102 108 109 113.856 117 117 121 121 121 122 126 112 107 110 113 119.485 120 118 118 120.98 118 124 127 132 138 136 138 141 143 143.988 143.988 154 164 176 182 160.007 160.007 175 199 212 207.03 206 204.343 207 206 204 207 209 209.124 220 230 136 71 91 94 96 94 101 120 140 152.986 156 154 152 153.897 139 139.495 55 53 82.0178 116.003 145 149 144 145 143 143 145 145 144 146 156 81.0094 57 51 46 48 56 54 43.091 48 47 58 49 46 54 67 73 81 153.957 154 145 139
115 86 88 93 88 85 106 138 158.173 164 166.532 166 164 156 136 108.934 80 79.6649 93 99 98 98 100 100 100.218 103 105 109 114 117 117 119 121.977 122 126 117 107.061 113 114 114 119 119.485 117.966 117.966 114 126 129 126.329 132.104 138.02 141 144 147 141 143.988 144 152 169 176 160 160 160.007 208 203 202 208 208 202 198 203 205 211 211 211 226.342 225 93.4103 102 67 84 89 91.3845 99 122 141 153 156 153 154 151 140 139.495 54 42 82 116 138 148 148 147.905 143 143 144.883 145 145 150 156.003 81 36 49 47 52 53 53 48 43 51.6366 52 48 51 55 68 111.161 122 148 148 141 156
91 85 90 92 90 85 106 135 162.977 163 166 167 164 155 137 136.991 80 79 91 98 100 100 99 99 101 104 105 109.944 114 118 116 115.955 121 126 126 113 114.889 112 111 116 118 117.913 117 117 121 127 128 139.013 137 135 143.897 144 142 137 140 145 158 157.992 181.83 164 196 205 204.979 205 202 201.975 196 197 202 201 202 203 204 208 209 212 221 211 137 70 80 86 94.2646 121 141 153 155 154 152.937 154.678 140 109.14 56 43 96.9936 97 126 132.962 149 145 141.176 142 144 145 148 158 115 41 38 43 55 58 55 50 48.2301 48.2301 55 45 53.884 56 60 69 144.083 147 150 141 163.098 165
86 90 91 92 91 87 105 135 162.977 162.977 166 167 164 155 137 136.991 81 77 89 95.5644 98 99 100 99.423 102 102 105 110 114 117 119 120 118 131 117 121.011 113 115 112 114 115 116 119 121 129 130 128.058 139 141 138 139 139 136 133 140 144.916 141 141.022 178 201 194 196 204.979 204.979 197 198 197 196.679 201 204 205 206 207 208 210 210 212 220.973 86.3862 149 82.3043 77 92 119 141 153 154.329 154 153 155 138 107 61 49.6103 96.9936 96.9936 126.033 133 146 148 143 141 145 147 154 141 56 37 43 48 56 55 55 47 48 48.2301 50.0253 51 55 53 61 107 144 146.914 143 147.691 166 163
91.4759 91.4759 93 92 91 89 109 130.838 153 162 165 164 162 158.062 138 110.019 82 77 90 95 96 96.0392 102 101.548 99 101 104 109 113 113.253 119 112 131 141 99 104 108 115 113 113 113 113 119 123 130 133 143 142 136.346 142 137.737 138 133 132 132 163.02 155 155.001 193.989 199 193.97 187.041 190 189 196.409 196 203.365 203 204 205 206 206 208 206 208 206 209.71 211 225.084 225 102 59 78.6407 117 140.36 152 154 154 154 151 138 111 63 47.2765 43 43.0834 80 122 139 144 163.965 137 142 149 85.994 86 44.1701 45 47 52 55 55 52 46 56 51.8505 48 54 52 76.9716 142.04 148 145 136 161.994 161.994 165 164
91 92 92 92 90 87 105 136 154 162 164.483 164.483 161.936 158 139 110 81 79 92.4832 93 98 99 101 102 100 99.2264 107 110 114 115 113.393 104 162 148.34 96 100.26 111.366 111 112 115 118.959 119 123 124 128 130.653 139 132 134 140 141 134 128 128.099 132.036 163 192 193 185 189 194 187 187 191 194 198 201 205 204 204 204 206 204 204 204 204 206 214 227.915 228 194 76 75 114 138 150 154.329 155 154.088 152 138.117 110 65 45 46 45.9144 51 84 143.661 150 164 136.984 144 153 43.0056 43 44 46 52 47.0325 55.3273 56 49 49.5193 53 48 57 52 51.9916 77 142 147.957 136 144 161.994 162 163.168 163
93 91 88.5662 88.5662 88 85.3631 103 136 162.966 162.966 165 163 164 158 138.935 110.953 81 80.9177 89.0048 89.0048 94 98 100 95.931 105.902 106 108.93 109 112 115 108 116 189 114 102 105 108 112 113 110 118 120 125 129.313 134 137 138 133 128.003 128.003 131 121.555 113 131 175 191 185 186 190 189.939 178 182 192.776 200 198 196 199 204 204 202 202 202 200 200 206 210 206 210 212 218 238 137 59 114 138 150 152 153 153 153.436 140 139.494 63.9876 45 47 45 27 69 178 212 205.169 195 207 207.06 54 41 48 50 56 54 55 49.9973 53 53 47 56 52 42 61 128 153 138 141 164.94 162 160 159 158
92.864 90 88 89 90 83 101 134 162.966 163 164 163 163 157 139 111 76 75 89.0048 89 95 96 99.805 96 102.028 102 105 106 110 112.624 97 148 188 104 101 106 110 114 114 110.415 117 119 128 133 138 132 137.946 133.047 128.003 128 108 115 147 179 183 185.86 176 175 182 183 184 187 193 199.705 195 197.944 197 197 197.293 195 198 204 204.978 205 203 208 207 208 208 211 198.846 193 67 103.17 138.136 149 153 154 154 153 139 139.494 64 45 29.2737 27 80 42.0015 212 197 208 223 230 230.038 68 38 47 53 55 54.1979 55 50 54 51 51 59 46 45 96.739 154 143 141 140.961 165 160 161.787 158.535 158.535
89 90 92 94 93 86 103 133 151 163 167.017 167.017 163 157 138 108 75 72 82 92 96 99 99 98 100.219 101 105 107.899 112 112.668 98 179 177 107 99 107 107 115 107.631 117 117 125 132 131.938 123 120 133 132.937 115.302 112 117 158 169.532 179 166 172 179 175 174 180 188 187 191 192 194 196 189 188 193 193.097 202 205 201 200 199 202 204.998 205 205 207 229.976 230 128 165.541 137 151 155 155 155 153 139 105 37.6409 34 30 116 177.015 193 190 199.435 221 221 221 243 125 30 48 50.9283 55 53 50.9995 51 49 48 54 54 46 88 149 148 140 155 158.126 161 160 159 158 158.001
92.8864 93 93 92.1787 96 89.6668 103.004 132.987 152 165 167 167 165 156 138 107 77 75 84.2845 94 98 99 101 100.998 100 102 105 108 113 113 110 199 163 97 100 106.966 112.758 109 108 117 123 119.266 123 122.994 124 130 128 127 109 119 148.563 181 171 164 169 170 175 180 174.045 179.962 190 191 186 188 189 185 189 198 197 198 193 200 200 199 202 205 204.998 205 207 206 220.026 220 204 100 125 152 157 157 156 151 135 100 36 40 151 78.082 177 192 221 214 210 209 207 238 156 31 47 51 53 50 48 47 44 44.0817 56 49 62 137 148.458 148.458 150 161 158 160.957 159 158 158 158
95 96 98 98.088 98 95 132.987 132.987 152.029 165 168 167.536 166 159 142 109 80 79.2773 87 96.346 98 98.0401 101 104.775 101 105 109.395 109 114 114.11 121 207 154 100 101 107 101 105 118.623 122 125 125.137 118 121 136 134 130 110 123 129.295 170 164 165 164 168 179 182 175 176.076 178.907 183 184 189 177 176 187 192 184.999 196 195 196 194 200.986 201 196 196 200.185 200 203 203 199.014 199.014 218 184 196.003 145.013 154 155 150.999 136.033 122 71 90 185 210 179 201 218 211 205 201 205 212 237 156 30 51 57 51 45 46 46 50 52.372 45 41 107 107.016 145 147 160 160 158 158 157 157 155 154.847
98 98 100 100 98 94 132.987 133 152 164 167 167.536 168 161.343 143 111 81 79 88 96 100 99.7817 100.901 105 100.975 104.849 109 110 116 115.851 141 210 153.969 99.9778 96 102 107 116 112 117 118 118.209 126 129 126 126 110 129.987 163 158 160.025 152 163 165 171 175.317 180 177.331 176 179 184 180 170 173 183 191 185 191 196 194 197 194.098 200.986 200.986 168 168.012 201.927 202 202 202.6 199.014 199 205 220 196 145 153 153 151 136 122 157 211 197 185 210 200.975 217.946 203 201 204 210 215 233.341 141 32 51 52 45.0784 51 46.1401 46.1401 55 53 29 34.0003 149 149.005 144 146.891 162 159 157 156 157.069 157 155 155
99.1551 101 100 100 99 96 108 135 151 162 171.856 170 169 163 143 112.016 80 79.8979 88 95 100 101 102 102 100 100.43 105 109 113 94 158 196 127 110 99 105 106 101 108 108.513 126.172 126 126 119 133.343 111 126 160 156 148 147 147 153 172 170.03 176 173 172.989 180 181 177 169 172 175.659 183 182.883 185 186 187 193 198.246 202 186 173 190 194 198 198 199 190.01 198 196 198.973 199 196.979 170 144.014 162.987 143 169 202 205 186 194 212 209 202 202 203.685 203 208 212.932 216 233 111 34 53.0432 48 52 50 43 48 53 46 49 122 157 146 161.902 162 160 158 157 156 157 156.402 154 154
100 99 99 100 100 97 111 131.35 154 164 169 172 173 167.999 143 112 80 80 92 95 99 100 101 101 100 101 105 108.865 107 91 178 187 134 114 104 106 104 102 109 108.513 118 119 117 122 114 137 153 147 147 148 141 152 164 165 175 170 165 165.052 175.037 175 176.965 169.027 178 174 181 181.141 177.03 177 183 189 177 180 179 186 185 187 192 196 198.955 190 197.129 195 188 188 197 169.998 144 163 189 170.458 194 187 205 210 202 200 201 203 204 204 207 213 220 225 84 41 56 52 46.2504 44 45 49 54 57 86.0713 149 156.969 147 159 160 159.961 158 157 158 156 156.402 154 154.18
100 101 97.6889 97.6889 101 99 111 135 157.368 166 171 173 172.983 168 147 115.178 81 78 91 93 98 101 100 98 99 98.505 102 106 106.054 96 198 186 142 117 102 106 105 108 112 116 119 118 115.001 115.001 133.506 133.506 150 141 143 135 147 147.05 164 155.957 170.069 170 173.023 173 159 164 177 173 176 175.888 173 174 179 172.96 188 177 175 180.029 190 184.157 189 192 184.326 190 186 184 188 185.086 185 183 183 193 185 203 195 188 201 202.99 206 205.881 199 200 203 205 205 198 204 212 224 212 57 44.5455 50 53 51 43 53.9877 51.1567 59 106.71 134 152 144 154 162 160 159 158 156.979 156.979 155 155 156.641 156.641
100 98 98 97 99 99 113.105 133 155 168 173 171.327 173 167 145 113 80 77 91.0828 92.8244 97 99 99 99 98 98.505 102 106 97 106 208 182 147 123.246 118 111 105.048 108 111 112 122 126 115 115.001 133.506 133.506 143 143 131 146 151 152 149 155 172.9 173 173.023 173.023 165 175 173 173 174 174 177 170 173 179 181 184 183 179 182 192 188 192.071 185 178 185.871 184 184 180 168.308 166 189 188.035 188 191 195.002 188.074 208 197 200 200 198 199.404 203 206 195 201.301 205 210 223.98 212.021 35 44 47 52 49 45 54 51 54 113 153 146 148 160 161.868 160 159 158 157 156.979 157 156 156 157
97 99 96.3431 96.3431 99 96 107 133 155 168 172.525 173 173 166 145 115 81 80 91 95 99.0621 99.0621 99.0621 99 98 99 104.244 105 94.9344 111 209 179 149.806 139 131 116 105 106 107 114 118 105 130 144 136.043 144 137 126 145.027 153 154 140 144 155 165.994 166 169.774 169 179 165 166 175 178 174.265 171.008 171 168 171 177 174 178 177.981 179 187 188 177 180 182 175 176 178 162 190.891 187.017 190 183 194 204 205 204 197 197 200 199 200 202.466 207.988 175.004 165 168 170.155 197 224 91.5692 32 48 49.2666 54 45.1322 46 53 47 70 118.086 152 145.035 158 161 162 160 161 159 158 159 157 158.669 157 157
97 99.0732 96 97 97 97 108 133.153 154.95 169 172 172 172 166.007 142.818 113 82 80 92 96 99 100 99 99 98 99 104.244 104 95 110.903 206.703 177 162 148 138 125.389 107 93 106 118 108 124 146 135 143 136 119 129.222 152 145 147 151 151 146 150.025 150 172 173 164 169 169 165 168 165 165 165 166 161 165 168.713 177.981 178 186.808 178 177 174 171 173.286 174 156 168 183 191 187 189.964 183.036 203 199 193 193 196 199 200 200 202 204 208 175 156 173 151 183 201 60 43 56 52 47 45 47 48 71 118 153 145 152 160 158.09 160 159 160.766 159.025 158 158 156.927 159 156.816 156
94.7945 95 95 95 95 96 108 131.981 167.982 168 171 171 169.626 165 148 114 81 79.9307 91.2524 97 99 97.9639 97 98 98 100 102 102 89 118 204 174 163.964 151.002 139 132 108.149 100 107 104 128 145 131 139 130 119 140 145 146 142 142 145 154 149 147 163 158 158 170 166 165 163 161 163.351 155.699 160 165.979 165.979 172.293 173 172 167.049 175 174 169 172 166 164.17 163 174 185 183 187 200 207 200 195.964 192 192 194 199 201 201 202 208.099 211 194 155 173 149 149 197 160 31 43 54 52 41 51 48 57 98 150 149 146 158 161 160.287 159 157 158 159 158 156 157 158 156 157
97 96 94 96 94 96 112 137 167.982 168 172 171.325 172 167 149 114.097 82 80 91 97.1688 98 98 97.9639 98 98 99.9974 99 101 83 129 205 180 164 151 141 134.337 119 108 102 104.621 142 135 136 124 119 129.989 146 143 139 133 138 151 142 148.325 153.318 158 158 161 159 151 153 163 168 154 152 163 165.979 166 164 165 171.948 167 161 163 167 161 165.912 164 183 183 182 194 200 196 189 190 193 196 196 200 201.394 203 202 204 208 210 163 164 172.979 149 154 208 108 102.473 51 50 50 50 50.8974 49 69 130 155 155.184 153 159 160 160.287 157 159.058 158 158 157 156 158 156 157 157
96 97.8509 97 96 98 102 114 138 156 168 172 172 172 166 151 117 80 76 89 95 97 97 95 98 97.9098 98 99 100 79 78.5052 212 188 174 162 153.946 147 129 97 125.005 139 127 136 120.012 120 140 140 144 138 129 130 152 139 140 152.709 126.637 139 136 144 153 140 135 117 123 167 167 163 158.964 159 167 163 161.001 161 160.008 160 149 153 179 184 179 188 200 197 187 185 194.054 194 196 197 200 203 203 203 203 205 214 170.993 125.557 153 128 110 163 197.7 26.0193 39 53 53 50 59 56 55.6602 93 128.699 148 147 158 159 158 157 156 156 157 157 156 156 157 157 156 155
96.1092 98 97 98 99 104 114 137 156 169 172.332 173 172 166.075 148.644 115 78 78.6516 88 97 98 97 97 98 98 98 100 99 78 78.5052 215 192 174 161 154 147.017 138 109.235 125 138.97 133.707 125 137.984 138 143 138 134 138.963 133 145 134 141 155 138 113 129 115.91 105 108 112 130.318 155 118 131 141 149 153 153 157.004 152 103.01 103 151.064 151 155 181 175 178.927 199 186.782 194.698 191 192 193 197.928 198 200 200 200.059 204 203 202 212.696 215 210 166 130 94 85 127 221 146 26 38.9808 50 46 47 56 51 62 128 154 145 154 158.422 159 159 157.355 156 156 156 156 155 155 156 155 153 154
99 98 98 99 101 103 118 140 157 171.004 173 172.459 173.581 168 151 116 79 75 86 95 96 100 100 99.3553 99 99 99 99 108.292 128 216 194 187 167 142 150 144 113 118 124 121 112 135 139 137 130 121 131 136 132 136 147 124.055 124 109.976 123 110 95 74 82 146.209 164 136 116 101 90 106 101 87 76.164 65 59 49 167 174 173.962 201.936 197 198 197.941 195 196 193 192 196 200 201 200 202 204 204 211 148.368 191 145 103 86.979 87 119 161.605 206 205.995 38 50 49.9772 44 49 54 46 92 150 146 147 160 161 159 159 159 157.302 157 156 155 155 154 154 154 153.563 153
103.134 103 100 98.3534 102 101.247 118 139.997 157.04 171 172 173 174 168 152 118 79 75 87 95 97 99 99 99.3553 98.9839 99 101 100.825 85 111 211 198 198 182.058 127 130 127 107 120 120 120.99 112.046 138 135 130 124 132 135 130 131 146.986 137 138.019 138 124 110 109 117 97 91 111 124 100 68 71 95 72 78.2926 49 41 35 55 134 162 167 167.033 202 197.036 194 194.067 196 195.604 192 194 197 199 200 197 202 212 207 207.275 127 96 88 82 86.979 86.979 181 212 102 102 50 51 50 44.0608 55 44 48 126 152 142 156 163 160 159.215 160 159 158 157 155 154 154 154.327 153.908 154 154 154
102.898 103 95.8275 96 101 108 118 139 158 171 171 172 173 168 152 116 79 77 88 96 97 99 98 101 99 100 98.9504 97 89 90 201 185.427 201 173 140.957 131 138 124 103.138 106 135.097 138 120.016 128 130.144 130 136 129 128 141 135 116 130 130 115 120 100 85 67 61 106.325 112 97 93 105 81 62 81 49 29 161.997 161.997 167.007 167 194 196 195 194 192 191 193 193 192 193 195 196 199 189.299 213 181 112 111.988 79 84 100 115 189.667 194 190 128.169 35 47 52.9678 45.0304 47 51 57 42 77 147 146 148 163 165.853 161 160 161 159 158.931 157 157 157 155 154 155 154 151.245 153
106 105 95.8275 95.8275 100 105 117.999 140 156 170 171 171 173.329 167 152 117 80 76 88 94 96 98 97 101 98 99 99 97 97 79 176 208 199 174 131 141 149 139.065 103 105.969 135 137 128 120 127 134 128 128 141 137 113 131.361 102.967 103 82 86 77 55 49 73 117 100 57 87 97 89 56 79 24 42.6878 162 161.997 196.99 197 180 183 192 191 189 186 190 190 192 193 193 201 208 177 136 125 94 93 103 124 150 163 186 197 78 33 50 53 53 45 44 57 60 54 115 153 144 157 166 163 162 161 161 160 159 157.19 157 156 156 155 155 156 154 151
107 104 104 101.064 99 102.938 114.986 139 156 168 171 171 171 168.04 152 119 80 76 86 89.2412 96 98 99.2344 99 99 98.4465 98 102.136 102 90.2839 136 213 192 190 153 138 146 114 133.86 135 137 136.94 114 129 129 126 132.868 130 133 121.784 122 122 81.0514 81.0514 81 66 58.9884 37.0112 80.0116 92.9731 107 48 66 70.9706 82 58 44 76 93 155 138 180 198 181 180 186 184 186 178.92 186 189 191 191 195 208 185 126 91 99 136 145 146 168.914 166.083 178.998 179 198 78 31 52 55 55 51 44.8889 47 56 46 102.998 143 147 157.243 164 164 165 164 162 162 161.962 159 159 155.354 155 155 154 154.579 155 153 151
107 105 103.895 101 99.0636 103 115 138 156.178 169 172 171 172 168 151 119.077 80 75 89 93 97.9286 96 99 100 98.8631 98 98.2621 102 104 88 104 169.032 201 191 151.637 163 131 134.389 130 138 128 127.996 124 126 125 121 133 130 104 120 115 115.033 81.0514 81 61 50 59 37 80 93 51 65 109 105 63 60 53 130 146 105.224 165.434 200 182 178 183 182 180.208 178 179 185.848 189.122 191 193 198 138 78 74 102.696 108 128 163 169 169 166 178.998 178.998 89 182.997 48 35.9927 54 54 50 45 52 52.0328 46 103 151 142 155 166 165 165 165 162 162 161.962 159.109 159.109 157 157 157 156 155 154 154 152
107 107 105 101 100.999 101 108.03 135 157 170 171 172 173 168 152.924 122 78.0025 78.0025 85.0237 85.0237 95 96 97.3977 97 97 98.7427 98 104 106 102 82 163 221 186 165 179 113 122 125.828 126 127.658 127 127 120 121 131 133 130 91 85.9981 74 74 83 63 50 89 43 49.3672 75.9927 52 66.018 74 73.9727 74 79 81 89 146 135 190 199 189 184 180 181 181 173 177 188.017 188 192 189 192 149 89.1488 78 98 98.0006 126 116 149.61 162 170 196 173 71 32 46 49 53 57 56 46.6615 46 51 51.0835 64 126 141 135.512 168.955 166 165 164.601 164 163 163 162 160 159 158 158 157.257 157 156 153 153 152
109 108 106 101.091 100.999 100.999 108 134 156.868 169 171.242 173 174 168 153 121.94 78 78.0025 85 85.0237 95 98 98 97 99 97 101 101.512 106 106 145.229 95 202 199.071 185 169 126 129 125.828 125.828 121 132 131 123 123 128.703 123 126.727 95 81 73 89 56 35 73 95 33 63 76 52 63 51 66.0353 66 96 119 109 124 194 197 195.317 186 182 179 176.255 176 178.099 183 185.186 185 184 184 193 149.016 100 86 98.0006 98 125.934 115.984 136 172 194 147 124.911 36 46 51 53 52 57 51 46.6615 47 54 54 76.2129 135 126 148 169 167 164.601 164 163.315 163 164 162 161 160 159 159 157.257 157 156 153.141 153 152
106.104 107 103 102 100 94 103 133 156 169 172.29 172.29 175 171.062 121.136 121 79 72 84 90 95 96 97.5383 97 98 97.4723 101 105 109 110 82.039 82 148 213 203.969 179.99 130 127.634 113 118.703 120.293 123 115 125 127 126.976 100.993 76 71 78 94 82 52 43 77 77 55 64 48 56 70 68 75 77 79.0112 120 129 171 185 183 186 168.006 175 176 175 175 175 176.894 183 185.273 190 194 195.38 193 139 83 93 98 111.813 135 140 169 117 36 43.0488 48 47 56 55.0869 55 56 46.1935 45 52 51 61 113 132 126 160 169 166 164 164 163 164 161 162 162 160 161 160 158 157 156 155 153.88 152
108 106 104 102 100 92 100 131 153 168 173 172 175 171 122.878 123 78 72.035 84 89.9742 95 98 98 97.5383 97 97.4723 101 105 111 113 89.9764 90 128 222 204 180 125 123 111 121 121 118 128 118.77 113 113.012 101 76.0128 71.0311 77.9595 79 74 63 50.7672 62 62.0109 80 67.7374 55.2885 49 50 38 55 97 79 119.999 153 153.679 184.895 182 185.978 168 172 176 175 173 175.153 177 195 197 195 197 197 199 164 102 61 74 83 114 146 145 83 39 43 47.9483 55 55 58.9609 59 54 44 45.0878 52.0162 51.0265 60.9764 133 125 134 149.201 167 168.5 165 163 162 164 163 162 162 160 162 160 158 157.548 157 155.229 154 152
104.543 105 106 102 98 91 99 130 153.31 168 172 174 174 170 153 126.26 80 73 93.9766 93.9766 97 99 101 100.933 99 98 101 107 113.372 114 112 93 129 221 214 139 107 121 123 120.691 126.906 135 136 116.139 101 61 65 73 46 43 66 76 82 60 52.8163 75 56.0088 56 51 45 39 41 104 101 125 141.687 181 181.412 189 185 167 166.966 171 182 164 166 180 193 199 200 199.909 198 200 198 174 147.531 68 45 76 98 153.184 150 74 44 48.5025 48 54 58 62.8321 61 51 45 47 49 109.009 109 131.016 126 148 151.609 164 166 165 164.632 161 162 163 162.929 163 161 160 159 159 159 158 157 155 151.072
104 104.543 103 101 101 93 99 131 153 167 172 173 174 170.061 155 124 81 74 93.9766 94 97 99 101 101 98.5372 98.5372 104.644 104 111 116 114 101 131.268 219 199 108 106 114 115 117 129 119 136.114 116 94 41 61.8422 51 43 45.9221 52 73 74 66 67 42 56.0088 56.0088 58 34 32 117 123 146 165 142 179 183 190 175 161 162 180 169 162 176 187 194 197 201 200 198.167 207 207 189 127 75 40 58 73.3138 154 151 55 45 49 48.5025 54 56 63 61.0904 50.9799 45 50 46 132.988 133 134 138 154 150 154 159 164.632 164 163 162 162.929 162.929 162.879 161 160 159 157 158 158 157.591 154.946 151
105.973 105.973 104 103.927 99 94 98 131 153.019 167 172 174 175 171 155 126 85.9595 73 84 92 99 101 103 102.144 100.05 100.05 99 118 128 112 111.259 111 97 198 186 105 120 108 114 132 98.016 98 84 71 65 59 82 56.4421 56 57 47 55 63 61 86 86.024 84 66 32 28 106 135 148 180 160 160.062 168 183 183 170 169 170 161 158 172 185.709 190 193.974 199 201 202 207 209.999 211.74 200 149 88 65.2179 45 44.8467 134 161 74.9925 49 52 56 56 59.7157 60.2842 54 44 44.4989 54 41 93 144 131 153 159 152 151 150 152 153 156 155.984 160 161 162 159.322 160 159 156.903 155.162 156 156 155 151
105.973 106 101 100 99 92 100 129 153 168 173 174 174 172 152.785 124 86 72.998 89.0665 96 101.353 103 104 102 100 100 102 124 117 115 117 118 104 149 196 112 113 118 124 129 107.966 108 73.7861 56 44 50 75 47 53.2707 53 52 52 55.3085 53 94 93.9614 85 97 22 94 138 145 151.648 177 171 171.016 169 193 184 168 167 154 156 168 174 188 193 196 200 202 203 208 210 212 206 164 97 53 34 53 117 165 75 50 52.0714 55 59 62 64 51 45 44.4989 50 46.0138 121 141 131.156 153.134 162 157 154 153.961 148.042 148 150 150 150 153 157 160 160 159 157 155 155 154 152 151
105 104 100 99 96 90 97 128 152.017 168 173 174.493 175 170 155 123.955 84 78.0703 92 96 99 101 104.877 103 102 102.622 106.019 115 114 118 120 120 119.048 118 115.128 116.87 113 133 131 132 104 64 54 79 44 41 76 48.2468 60 56 49 58.4696 49.0407 49 72 63 54 94 76 138 135 171 175 189 185.957 154.974 170 194 167 160 156 158 168 172 175 186 194 197 200 204 204.565 207 210 213 212 178 112 65 41 45 99 144.466 82 82.0234 55.0848 58 59 59 60 51 49 55 43 75 144 135 147 159.1 163 163 159 157 155 154.989 152 150 146 145 146 149 151 153 147.969 153 152 153.943 153 150
103 102 101 99 98 91 96 130 152 169 172.752 175 176 170 154.939 124 83 78 89 96 100 99.2468 103 105 103 103 106 114.964 113.868 117.742 115 113 114 122 115 117 128 136 128 128.811 103.999 64.011 56.2687 77 56 49 46 74 50.7609 46 47 61 54.9571 55 56 62.5401 23 73 75.992 137.984 167 159 171 183.999 186 155 180 180.384 156 161.817 161.674 164 170.342 174 178 182.307 192 194.398 201.788 198 202 205 209 211 212 192 91.4604 80 44 41 84 165 90 89.9607 55 58 61 64 54 48 54.9587 50 46 110 142 135 156 165 161 161 160 164 163 162.926 158 156 145.31 145 148 146.129 144 143 144 148 151 154 152 150.092
102 100.12 99 97 98 92 96 130 153.017 168 173 173.445 176 172 123.507 123 84 76 87 94.189 99.8596 102.691 103 103 102 103 107 112.907 116 119 120 116 136 128 44.9959 144 115 129 127 96.3119 61 56.0108 37 94 42.1789 48 73 63.5386 54 42 50 61 54 74 64 62 41 41.0056 113 168 170 163 165 192.357 186.971 187 163 163.018 164.737 167 169 142.62 178.071 178 178.914 179 187 194 195.952 196 201.914 202 205 209 210 180.295 138 74 40.2626 41 66 161 108 79.0733 65 59 63 64 51 51.5031 55 46 65 131 136 138 161 161.129 162 160 160 162 165 166 163 158 155 151 148 146 143 143 143 142 143 146 147 144.675
101 100 99 100 97.8521 93 96 128 153 167 175 176 175.942 171 123.507 124 83 77 88 94 100 103 102.432 102 102.527 102.527 106 113 118 121 149.031 154 79.8207 69 45 143.991 123.996 119 102 62 60.9103 56 58 100 37 52 61 54 53.9658 42.0075 55 62 57 75 63 36 100 99.9971 159 177 184 160 164 193 152.986 153 163.018 163.018 107 109 129 159 181 182 176.083 176 180 192 191.052 191 199.083 199 210.045 213 205 174 109 51 41 40 58 150 127 53 64.9556 59.0392 67 66.1671 51.5031 52 54 44 87 140 131 133.349 163 162.871 159 159 160.404 158 161 160.842 162 158.253 155 156 154 151 148 147.965 146 142 142 141 139 137
103 102 102 101 100 94 93.1392 128 153 168 174 176 177 173 156.985 125 82 79 88 95 100 104 102.146 100.404 102 102 105 112 117 119 125 156 124 36 31 70.8382 147 92 69 68 86 44 78.778 98 35 57 63 65 59 45 39 39.0115 83 69 41 69 133 144 176 184 170.005 152 183 197 151 131 148 150 135 96 78.0187 78 115 164 175 172 176 188 192 189.074 191 195 188 158 123 100 95 75 46 43 49 136 146 52 63 66 52.8746 53 49 51 56 48 108 116.018 131 152.551 163 159 158 157 157 154.156 156 156.325 160 157 154 155 155 155 155 154 151.07 146 143 141 137 133
102.66 103 105 102 100 94.1466 93 127 152 168 175.523 174 178 174 157 125.001 82.0773 79 89 96 102 103 102 100 99 101 104 105 106 129 138.604 146 148 113 90 119 105 64 57 94 52.0567 80 66 80 55 61 63.1287 64.8703 85 34 39.0115 39.0115 73 57 39 66.7165 146 177 176 199 170 152.033 194 130 111 126 120 111 145 113 94.9893 95 85 118 159 162.67 170 186 191.905 189 189 176 131 99 120.724 102 109 87 62 44 47 128 133.756 61 57 65 51.1329 51 51.4095 53 52 64 127 133 138 162 160 159 157.446 157.446 156.987 154 156.325 157 158 160.088 155 153 154 155 156.867 157 154 150 150 143 137 133
101 102 101 100 98 87 91 128 152 168.072 176 177 177 172 158 157.992 85 75 86 93 100.569 103 101 100 99 99 95 116 156.769 145 154 155 159 113.073 131 57 52 69 91 99 69 86.7017 49 61 63 65 48 37 49.0164 49.0164 39 57.7257 40 32 94 136 178.001 178.001 193 195 184 184 55.9569 50.0405 73 62 55 49 53 42 78 126 129 124 141 155 163 188 196 197 190 130 87 66 84.9931 55 60 65 59 50.9487 49 123 152 73 57 67 57 48 50 55 41 78 142 131 148 161 156.05 156 155 156 153.899 155 155 156 157 155 153 154.711 154 153 155 156 145.807 144.065 147 145 141 137
101.44 101.44 96 94 91.6996 82 97.2657 123 151 168 175 177 176.951 171 157.992 157.992 83 73 85 90 97 100 98 97 86.0779 86 109 104.377 169 136 153 153.176 132 76 96.6739 32 87 84 91.0212 98.9586 86 110 52 57.3173 55 57.2958 56 47.8786 49 49.0164 70 48 33 39.2949 129 160 178 178 193.865 196 185 96 56 50 63.0205 48 41 70 125 69 123.738 76 134 130.315 138 151.35 162 188 196.555 196.555 115 169.458 49 81 85 55.0098 54 60.3347 49 43 47 116 154 75 63 66 51 53.2807 51 54 42 100 145 137 158 159 156 156.05 153.346 153 154 156 154 154.268 155 156.753 153 155 153 151 151 151 146 144 140 140 139 135
98 99.9143 95 93 88 79 80 123 152 171 177 177 179 174 154 128.276 82 76 90 97 98 98.1467 101.741 98 96 84 115 83.4498 150 137 153 135 118 57 43 51.017 55.02 70.9887 51 50.9928 108 97 46 48 39 70 80 40 43 48 57 56 40 104 141 178 173 188 203 197 113 71 78.7251 55 80 64 58 79 196 185 86 83 112 121 133 143 160 192 157.841 152 50 53 64 116 156 66 45 52 49 47 101.99 101.99 157 82 73 65 49 51.8841 52 46 58 127 144.042 144 160 157 155.881 154 153 152.195 151.291 153 153 152 152.495 152.495 147.914 147.914 150 148 149 146 142 137.78 127.073 132 130 158.99
100 98 98 95.6055 90 78 80.0315 123.02 152 170 178 178 181 175 156 126 87 79 92 99 103 103 102 97.8665 102 60 67 127 195.217 213 151 137.28 50 34 80 74 55 71 50.9928 50.9928 109 97.008 44 48 46 52 81 44 46 48 39 35 71 61.3886 153 165 180 178.542 199 131 111 73.2615 81 57 111 90 71 68.8527 210 209 140 107 112 116 127 134.925 165 206 210 114 104 87 76 125 135.457 81 51.2642 46 45 46 101.99 102 157.053 83 82 59 49.0531 52 48.3397 43 74 141 149.958 150 159 156 156 153 152 152 151 153 152.693 153 153 152 147.914 148 149.996 147 148.854 146.024 139 134 127 131 130.008 159
101 99 98 94 90 81.4405 77 121 151 151.146 179.129 179 180 176 157 133.489 89.8198 83.9034 94 103 108 109 110 69 104.972 92 127 169 122.221 178 76.457 54 46 90 97 64.191 61 81 81 85.0422 104 104 63 51 45 44.9842 51 54 47 50 35 45 113 144 174 177 200.996 200.996 126.559 115 128 136.039 136 98 125.061 125 132 121.937 144.955 182 152 160.363 125 120 128 128.039 166 216 202 171.848 136.448 127 136 176 72.0014 72.0014 56 55 51 53 61 92 169 108.982 83 55 47 50.9971 55 45 97 142 146.666 156 157 155 153 152.547 150 154 159 153 153 154 152 151 146.957 147 145 142 139 139 132 133 148 164 185.067 185
103 103 101 93 87 78 77 121.229 153 152.887 180.871 181 183 179 160 130 90 84 98 97.8964 111 113 118 50 105 92.0106 143 147.074 124 48 39 97 102 90 75 34 70 85 70 92 122 121.973 98 53 42 42.1532 47 47 51 45 26 32.7428 124 170 174 194 201 200.996 108 136 137 143 106.026 142 116.117 116 122 132 126 153 167 147 123 122.343 128 128.039 161 212 210 161 142 135 129 166.568 72 72 79 56 48 58 63 82 175 101 76 53 47.1231 51 53 63 125 136 143 159 156.796 155.055 152.547 152 149 152 156 152 151 153 152 151.632 142.057 142 139 138 134 135 147 146.984 181 187 189 188
98.9983 93.0819 96 95.9356 76.7068 74 71 118 153.266 169 177 181 184 180 162 132 90 82 95 103 110 106 121 146 156 155.988 81 76 75 46 74.0197 87.984 116 125 103 53 56 78.3299 93 83 104 97.6768 97 53 48 47 47 49 48 33 50 126 173.14 174 182 132.999 121 90 127.022 139 149 150 150 149 146 149.747 137 142 149 152.673 156 149 135.45 135 129 128.602 158 207 215 173 151.012 136 128 118 98 103 89 57 44 43.9894 61 60.881 177 110 67 52 47 57 46 71 136.033 131 150 159 153 153.051 151 151 152 151 149 150 150 149.446 148 147.94 143 141 138 132 137 161 182 190 191 190 188.168 188
99 93 89 89.0072 81 67 64 108.33 151 167 177.059 181 183 180 161 132 90 82 94 103 109 106 110 135 128 128.005 83 90 56 49 74 88 95 85 87 38 55 79 73 120 92 97 97 53.0125 46 46 44 51 50 35.2803 49.998 125.991 166 184 181.989 133 78 118 127 139 149.494 149.494 163 163 163 160 161 154.612 171 168 168 148 136 135.45 129 128 154 202 216 187 166 155 121.693 131 122 116 98 62 43.9894 43.9894 59 59.1393 178 116 62 51 51.9193 51 40 62.9805 139 135 152.319 157 153.051 153.051 151 150 151.362 151 150 150 149 149.446 146 146.198 142 140 132.075 138 171 193 196 193 191 189 189 190
93 91 86 82 78 64 65 112 150 167.973 176 180 182 178 159.999 132.017 87.2847 81 90.9654 106.934 121.007 121 131 131 146 122 120 72 55 71 94 109 100 100 56 36 51 92 91 98.9627 96.7163 125 99.6773 75 57.7095 48 45 48 71.1599 67 126 125.874 192.611 204 51.0407 57 103 120 128 138 148 156 167.67 169 175 173 173 173 171 173 162 146 143 143.4 130 126 196.947 197 220 188 164.969 156 143 135 128 122 104 62 62.0939 62 62.9783 63 177 126 44.0654 50 49 50 47 115 137 141 154.993 154.993 154 152 152 150 151.959 152 149 148 147 146 143 142.983 139 133 137 172 194 194.024 197 194.189 190 189 190 191
88 90.3532 81 81 78.0582 63 63 114 150 168 176 179.939 182 178 160 132 88 80 91 107 135.974 136 139 136 94 126.944 68 56 64 84 93 113 71.0002 71 49.632 46 43 50 91.0253 99 83 39 108 126 60 46 48 47 38 111 124 124.132 199 186 51 56.9571 112 122 127 137.976 147 155 164 172 176 177 177 175 176 173 162 151 147 140 133 129.544 192.047 192 222 190.263 165 156.024 142.995 135.057 130 127 107 60 64.9248 65 62.9783 62.9783 165 142.383 51 44 51 49.1686 58 133 136 149 154.993 155 154 153 151 151 151.959 151.959 148 146 146 145 143 142.983 134 133 166 191 195 196 197.02 194 191 189.222 195 198
77.9208 75.0898 76 76 73 63 62 111 149 149.515 176 175.494 180 177 160 131 87.969 80 92 97.089 111 117 100.176 81 91 91 78 61 97 69 107 119 75 59 45 49 50 49 58.9989 58.9989 57 35 109 138 72 35 44 34 63 87.6801 141 192 200 34.0021 37 84 122.986 122.986 127 134 144 150 159 170 175.006 180 177.88 174 174 168 159 147.042 147 144.552 131 128 140 173.996 224 194 164 160 149 138 130 129 100 56 50 65 62 51 155 149 56 41 59 59.1307 76 141 158.629 158 159 153 154 153 150 150 147.013 147 148 147.921 145 144 141 137 128 178.001 189 195 193 193.208 195 194 198.007 198 202 203
78 75 75 72 69 67.9528 60 110 150 149.515 175.494 175 176 174 157.722 133 88 80 96 100 114.725 114 108 122 102 93 93 99 76 51 85 115 72 56 51 54 49.4989 49.4989 58.9989 59 53 47 98 123 135 46 41.6907 32 104 122 170 171.191 199.999 34 37.0046 83.9939 122.986 123 130 134 142 147.645 154 160 170 176 178 174 173.937 168.02 155 142 140 138 127 127 141 174 221 198 162 157 149 140 131 126 91 50 48 62.6528 61 43 153 158 73 38 61 60.8723 102 141 145 168 157 155 154 153.758 151 149 147 147 145 145.09 144 143 139 130 128.011 178 195 195 193 193 194 194.167 204.935 205 205 204
77 75 77 74 63.7054 56 58 111 148 164.78 174 172 177 173 157 133 86 74 118 99 119 143 93.983 62.9992 121.978 94.9967 95 62 96.7156 96.2989 94 111.794 93 61.025 63 53 41 40 55 79 56 86.569 135 105 60.0158 77.988 24 56 124 130 208 190 37.0326 44 62 76 107 122 129 133 140 149 150.989 156.906 165 172 166.052 172 168 163 153 138 134 134 121.909 124 161.994 161.994 217 209.028 160 151.823 147 139 132 124 63.9937 44 54 70 62 38 141 156 90 39 45.0022 45.0022 124 139 150 163 157 156 154 152 150 150.018 146 146.691 144.726 143 140.015 140.015 136 130 160 193 196 195.866 197.984 193 197 204 208.505 208.505 203 201
79 77 76 74.1069 66 54 60.2357 109 148 165 173 173 176 173.269 158 131 85 74.0011 109 129 130 129 94 63 122 95 81 81.1669 97 96 110 123 93.0094 61 54 62.309 36 41 73 101 63 96 155 152 60 78 21 96 160.979 169 213 81 26 52 69 74 107.057 122 131.327 131 137 145.351 151 157 160 161 166 171.968 165 162 150 136 131 130 123 121 161.994 162 209 218 160 153 147 139.015 132 124.019 64 43 56 74 62 34 130 140.98 97 37 45 45.0022 124.013 139 149.994 162.955 156 152 155 153 150.018 150 147 146.691 145 143 140.015 140 136.339 141 164.995 197 194 194.125 193 198 205 197.006 209 208 204 201.149
81 78 77.9591 73 63 50 49 106 147 166 173 175 176.799 176.799 160 132 86 70 87 117 113 128 97 94.729 92 94 80 80 99 87 130.959 131 94.9658 74.9908 51.027 57.9554 47 44 73 97.6937 120 115 73.9873 41.0025 43 35 53 73.5275 128 197 127 27 38 56 81 75 107.248 119 127 132 136 142 149 151 153 156 161 163 162 156 145 115.021 123 133 126 121 126.015 154 201 226 152.073 152.073 148 135 130 105 48 39.0198 74.0051 74 32.0108 32 115 164 121.166 41 40 93 144 141 159 157 154 151 149.186 151 150.019 150 148 148 146 144 139.973 132.035 130 164 195 196 194 195.868 204.11 206 209 206 205 207 207.312 207
84 81 78 73.0596 64 50 47 106 147.221 167 174 175 176.799 177 161 132.175 86 85 121 114 108 119 78 76 98 99 75 71 98 62 122.014 122 95 75 51 58 49 46.3942 75 100 83 114 74 41 42.1377 53 149 134 135 174 118.988 33 40 59 81.1445 75.2281 105 121 127.128 132.027 136 142 145 150 151 156 162.878 160 160 152 145.004 115 136.642 143 128.65 135 126 153 204.658 223 152.073 152.073 144 132 127 82 39 48 74.0051 74 32.0108 32 96 169 132 49 36 117 148 144.278 159 155 153.984 150 150 149 150 150 149 148 146.038 144.297 140 132 140 150.349 198 195 194 196 204 205.852 208.926 206.095 204 207 208 207
78.7972 81 78 74 67 55 56 113 147 165 172 174 177 177 159.942 133 99 94 98 96 107.731 115 74 77 80.2973 101 45 97 66.8578 56 94 120 112 115.98 59 54 64 35 54 55 116.994 116.994 41 40 24 100 189 182 186 185.993 34 40 44.2785 58 92 79 111.35 120 126 129 135 141 146.069 149 152 152 156 158 158 154 144 121 134 111 92 107.995 118 135 184 196 150 147 142 133 114 51 42 50 60 70 52.6349 37 79 168 134 54 47 133 148.324 152 159 154 153 150 150 149.004 150 147 148 147 145 143 139 133.036 172.015 192 197 194 195 195.051 205 205 206 207 207 209 209 207
80 78 78 75 68 64 74 124 147.052 165 172 174 177 177 162 135 92 71 88 100 112 104 74.1193 76.9503 103 78 54 117 80 72 93 114 131 101 57 44 81 68 31 44 117 116.994 45 44.2261 48 130 188.967 182.038 133 133.002 46 46 42 60 91.9881 79.0266 109 118 124 129 133 140 146 148 149 151 154 157 159 155 149 127.311 133.979 111 92.026 108 104 121 170 186.403 149.92 147.089 138 134 86 44 48 51 65 66.3971 59 42 62 144.623 142 64.8808 74 95.9209 146 154 157 156.311 151 150 149 151 149 147 144.064 144 144 143.121 138 133 167 196 196 196 201 200.968 207 207 210.047 210 210 210 208 207
79 78 77 75 69 73 89 132 155 166 169 171 178.507 179 162 135 90 76 94.7145 98 117.954 117.954 70.2081 78 72 48 46.6737 76 79 76.6847 101 101.122 100.638 133 75 27 94 89.8216 32 53 82 54 87 122 141 103 138 138.001 41.4987 41 64 60.2852 39 62.9888 108 88 113 120 125 127.904 131 136 141.523 141.523 146 147.69 153 155 158 157 154 148 137 133 141 140 141 181 190 169 153 144 138.007 123 57 56.9791 48 54 73 79 61 47 50 153 142 70 94 152 146 157 156 154 152 151.519 150 149 147.625 148 146 145 143 141 137.677 137 179 187.925 195 198 205 208 207 207 208 208.351 209.695 209 210.938 210.938
75.1025 75 80 77.6683 67 70.6461 97 136 157 165 169 173 178 178 164 137 90.0057 76 91 95 118 117.954 58 69 75.0129 108 77 46 73 82 103 102.863 100 132 114 55 80 109 60 50 62 71.1471 137 177 117 101 183 182.99 42 41.4987 56 59 39.0097 63 108 93 113 124 125.073 128 133.327 138 141 142 144 150 154 155 157.331 157 154 151 148 141 155 184 170 199 194 167 148 141 138 123.041 46 46.0247 49 60 77 76 65 56 41 139 143 83 119 149 148 157 154 153 151.519 151 148.291 148 148 147 145.653 146 142.97 140 132 144 185 196 196 201 205.063 208 206 206 208.351 209 210 210 210.938 211
74 72 72.9291 73 63 65 99 137 156 166 169 171 177.169 178 164 137 92 74 85 102 136 115 65 100.983 115 74 57 54 69 74.6929 76 75.9705 98.4294 120 128 83 102 66 47 53 116 156 184 156 77 128.99 110 30 53 48 55 64 48.4964 48.4964 106 97 111 122 127 129 132 138 140.677 140 142 145 146.72 150 151 155 150 149.914 149 153.289 172 199.561 177 196 195 163 140.352 142 130 40.9987 46 48.7221 50 64 78 72 65 53 124.97 125 144 98 135 146 151 156 153.412 153.412 150 149 148 148 144 145 145 146 142 140 131 150 190 196 199 207 209 207 207 207.189 207.189 208 211 210 211 211
72 70 69 69 63.1126 64.8542 94 133 155 165.966 170 169.198 177 179 166 138 89.7553 72 86 126 127.973 109 64.9966 101 95 43 72 70 67 77 66 66.0206 71 100 83.0024 127 88 32 84 106 129.609 166 181 96 76.9996 129 34 59 52.2577 49 54 70 49 48 101 100.948 104 121 127 128.871 132.011 137 141 141 142.082 144.912 143 147 151.074 154.948 147 146 152 157 179 209 189 202 198 163 138 144 129.993 41 45.8911 49 52 61.9146 79 70 63 55.3349 116.025 116 144 98.0031 140 146 153 155 154 153 150 148 148 148 147 146 145.408 145 143 136 128 155 192 198 204 202.748 208 207.149 209 208 207 209 212 210.113 211.423 212
60.9387 61 67 69 64 68 91 133 157 167 175.865 173 179 180 137.51 138 81.9863 93.9446 114 94.8527 103 112 52 86 87 54 65 62 79 93 82 74 86 87.6448 95 140 72 63 129 171 180 192 115 93 92.9965 34.005 38 81 48.5862 48 56 74 53 48 95 90 95 118 126 129 130 136 138 140.908 137 140 137 133 129.4 143 144 143 106.006 149 147 159 176 175.989 133.734 136 129 141 65 42 54 50 54 68 77 76.9437 70 57 56.5378 104 146 116 144 145 154 155 153 150 149.883 147 149 148 145.261 145.261 143.906 144 141 141.013 127 158 193 201 210.334 210 208 208.112 209 208 209 212 213 213 212 212
58.1077 58 62 64.3162 62 65.6598 93 135 158 169 174 176 179 179 137.51 137 82 94 122 84 136 109 64.077 68 65 65 69 52 77 119 103 90 74 96 97 90 92 131 136 193 217 134 114.995 93.0178 93 34 46 61 51 46 56 71 58 46 89 85 88 114 126 130 127 131 137 141 141.284 145 97.9875 93 101 111 116 115 106 148.994 99 116 119 118.998 109 111 145 112 41 49 50 47 60 59.7232 72 72.0442 59 64 36 89 146 132 148 147 155 156 152 152 150 148 148 147 145.261 145 143.906 143.906 143 142.755 133.494 163 196 207 211 210 210 209.854 208.543 208.543 209.004 212 214 214 213 213
56 58 62 60.0447 62 77.7269 100 133.964 155.98 170 176 178 181 179 163 147.961 109 106.434 81 131.991 144 95 74.0161 90.9866 48 60 69 65 81 135 86.3749 105 97 92 103 72 91 141 162.69 203 184 86 137 139 40 54 44 54 54 49 58 61.9185 64 51.0122 81 82 75.063 109 121 124 125 129 137.912 138 147 145 133 123 112 112.011 116 124 136.02 136 142 158 137.057 137 133 141.037 141 61 43 52 47 49 61 64 77 78 59 73 42 75 150 143 148 150 156 154 152.116 152 150.222 150 147 146 148 145 145 145 141.934 133 128 174.991 202 211 212 210 211 209 210 210.062 211 213 214 213 212 212
56 57 60 63 60 80 100 134 156 169.944 176 177 182 178 167 143 129 79 81.0005 132 115 87 74 91 57.7176 50 67.3575 67 94 144 63 88 109 92 65 101 135 147 127 177 114 136 163 57 40.018 53.9823 45 47 51.6951 47 58 62 65 51 77.0321 77 75 109.048 114 117.633 121 126.225 134.038 134 142 147 146 135 129 128.981 124.062 130 168.004 168 173 175 140.931 141 145 151 140.992 60.9986 49 46.6987 43 52 61.1025 63 82 81.9133 62 76 47 71 155 149 150 150 156 155 154 153 152 152 149 149 146 145 144.681 144 142 132.99 127 175 209 214 211 210.199 209.117 211 212 213 214 214 213.453 213.453 209 208
53 53 57 58 56 80 98.3216 131 156 167 177 177.181 179.663 179 168 140.331 86 69.284 114 127 109 66 93 94.4062 36 69 63.5833 73 118 130 95 87 79 109 113 110 145 143 143 167 136 185 72 46 55 58.9062 53 51 56.9125 53 62.9075 63 68 53 74 76 68 91 105.109 111 117 122 128 127.933 137 136.928 141.027 141.027 132 134.892 127 124 134.318 135 138 130 132 135.663 150 128 56 55.9642 48.0625 52 50 55 53 66 79 80 67 75 52 69 156.892 154 150.035 152 155 155 153 153.664 153 151 150 150 147 145 144 142.106 140 130 126 181 214 215 212 212 213 215 215 215 213 209 206 204 205 205
51 51 54 51 57 79.9799 92 126 150 165 178 179 180 180 163 134 84 67 129 105 99 49 105 78 36 68.9734 63 56 147 130.662 104 129 96.766 88 135 111 110 123 148 160.402 185 96 59.7584 55 55 59 51 53 52 57 61 60 64 55 64 76 66 88.6698 97 105 121.94 117 125 125.102 134 134.097 141 141.027 135 132 124.086 128 123 122 125 132 150 147 140 79 49 49.0358 48 52 60 55 49 72 82 82 65 72.6246 55.6743 66 157 154.061 150 153 155 154.983 154 154 154 155 153 149 149 145 143.848 142 138 127 121 182 218 216 213 214 215.342 217 211.052 211 207 206 207 208 209 209
51 51 50 45 65 104.986 102 127 145 163 176.446 177 179 179 164 136.997 88 67 105.179 106 82 65 88 58 41 74 61 54 143 127 134.957 135 112 96 106 104.925 91 113 156 210 41.7052 38 54 49 52 58 51 52 53 52.9758 55 58 62 61.7102 53 67 62 68 83 98 106 114 124 129 134 137 138.997 139 138 139 140 147 154 156.256 154 157 151 148 108 54 52 44 50 57 53.0727 53 46 75 84.2449 81 69 77 59 61 157 160 148 155.986 156.963 156.963 153 154 152.952 153 153 149 148 146 143 142 134.751 123 134.228 184 219 218 213.111 215 215 214 212 210 210 212 211 210 207.621 210
48 48 50 44.9761 64.9986 105 104 128 145 164 176 176 178 178.594 164 137 87.9918 67 100 110 78 84 84 50 44 78 52 60 123.922 102 129.041 129 109.712 98 83 122 118 97.3027 145 194.993 47 50 53 51 54 55.6636 48 48.8011 53 52.9758 47 55 59 58 52 62 58 64 63 77 97 105 117 128 133 136.176 139 138.997 138.488 138.488 147.558 157 169 171 164 160.341 151 148.086 68 88.8314 48 46 53 61 58 57 56.8674 83 88 84 72 78 64 61.6469 157 161 148.049 156 157 156.963 154 153 151 151 152 150 149 146.065 141 139 135 123 122 193 220 218 215 213 212 212.062 213 213 212 210.11 209 207 207 205
47 51 48 47 73 72.9844 109.013 129 146 165 176 176 177.57 177 165 137 69.2084 69 96 79.2816 62 61.9951 91 53 51 57.6101 50 46.08 119 84 59 85.9941 111.675 126 137.973 121.002 136 92 103 81.7767 60 51 53.9302 49 57 63 47 57.9918 51 54.9128 48 49 57 56 55 59 60 64 64.9666 47 68 89 124.987 125 131 135 140 146 148 157 168 166 169.947 166 172 165 153 131 48.0303 57.9803 51 51.0117 55 62 51 56 47 88 91 83 75 80.9149 68 61 157 161 155.98 156 152.931 153 149 151 150 149 151 149 147 142 140 138 134 118.513 149.415 203 222 222 211 211 213 214 211.894 212 207 205 205 183.266 209 202
48 50 47 47.4392 62 62.0299 109 128.988 145.835 165 175.551 175 177.57 178 166 138 87 56 98 77 44 44.0229 90 55 62 67 50 46 126 109 59.0126 86 108 123 138 121 122.199 114 90 64 53 53 54 50 57 66 47.0373 58 51.0388 55 52 49 53 58 57 57 62 59 73 53 46 60 100.007 100 108 122 129 138 144 149 157 159.281 170 166.073 164 156 149 112 48 58 57 56 56 65 55 53 51 90 90 82 74.9986 81 73 63 155 161 144 145 150 150 150 151 151 149 149 148 144 141 138 137 132 116 140 210 222 222 210 212 214 215 209.063 209 206 207 203 181 144 153.432
45 48 45 44 52 87 101 125 150 165 172 172.669 177 177 118.002 118.002 69 98 136 102 49 74 59.0739 59 64 63.4943 49 40 112 111.955 85 72 104 76.5917 105 110.685 135.393 135 143 125 41 48 53 51 66 69.2786 60.9532 61 52 52 51.9512 50 53.9671 54 61 61 64 57 59.4647 75 58 86.8473 72 78 92 98.3002 113 112.994 134 145 151 157 161.911 158 155 143 140 139.997 40 52 59 58 60.0333 64 51.4845 52 55 90 95 84 82 84 71 73 159 154 116.325 120 131 130.996 141 143 148 148 146.926 147 144 141 135.632 134 129 113 158 216 218 213 211 212 211 210 187 187 196 79.9997 124 69 39 38
51 48.7373 39.0442 39 49 79 110.436 118 149 164.963 173 173 174 176 118.002 118 129 169 129.401 107 48 64 61.9049 62 63 63.4943 49 42 105 105.026 118 64 67 97 104.769 111 133 137 84 138 134 45 43 49 69 73 60.9532 60.9532 50 49 52 49 49 50 58 58 57.8138 52 56 78 86 107 121 129 134 139 112.994 112.994 141 139.021 158 151.02 159 162 159.387 167 139.997 139.997 122 105.611 49 50 55 60 51 51.4845 59.9805 86 91.3065 87 81 85 69 79 158.943 154.043 112 109 130.996 130.996 122 124 129 129.042 144.095 144 142 140 138 132 123 114 161.666 219 213 209 210 209 207.051 207 187 187 195.995 80 37 37 65.9889 66
108.988 60 52 45 47 69 73 79.3078 144 163 172 171 173 174 155 160 75.9551 71 73 91 33 61 83 58 58 74 64.9302 48 87 125 125 96 61 119 87.7766 88 102 113.988 88 85 163 125 47 50 72 68.7075 45 68 53 51 52 52 50 49.9808 51.0629 60 59.8199 53 52.1959 79 99 122 124.195 126 127 133 137.364 138 141 147 148 146 142.064 147.981 158 174 190 203 208 195 144 201.993 47 48 52 49 59 92 91 83 80 86 74 87 133.005 133 128.682 125 116 115 112 111 110 106.762 122.976 123 126 128 131 128 121 117.326 187 217 207 205 209 209 209 199.065 192 169 94 42 47 60 80 80.0348
109 59.9984 67 54 56 62 56 90 135 163 171.494 171.494 171 177 177 170.688 76 71 125 100.31 34 45 72 65 47 71 91 67 49 101.195 123 97 105 143 83.9026 84 102.029 114 96 135 128 109 102 98.3513 69 65 48.7047 71 52 49 48 55 49.9808 49.9808 51 61 60 52.8915 52 79.1773 104 121 124 125 125 130 136 137 144.655 143 141 140 142 148 162 177 189 195 198 204 144.002 202 153 77 35 37 55 88 87 88.0345 78 80 66 91 133.005 133 134 137 133 126 121 114 107 103 122.976 122.976 105 104 106 111 103 106 184 211 206.857 205 208 208 208 199 163 82 45 90.3515 64 52.0032 85 86
136.025 128 103 78 72 93.9907 49 73.0094 131 161.989 169 169.356 171 179 158.357 131 88 137 114 75.531 44 35.0259 81.0105 96 26 57 106 88 64 36 113 110 97 112 76 86.4204 104 116 122 127 136 63 116 73 60 62 41 70 50.0779 50 47 56 57 57.0286 54 57 68.068 71.942 50 69 102 115.057 121 124 128 128 134 137 140 140.032 140 141 145 154 167 180 190.908 191 194 198 201.338 204 216 205 220.995 155.003 48 82 86 75 74 73.9889 64 96 140.997 140.997 144 141 140 135 133 130 122.055 114 109 100 96 90 123.149 118 97 95.0278 176 211 204 209 208 206 197 167 83 42 72 76 77 85 86 87
134 140 136 112 94 72 45 78 132 162 169 170 172 178.965 162 134 145 127 67 39 43.9703 35 81 95.9772 77 53.4319 95 77 59 79 75 83 120 74 71 93 117 126 143 136.699 93 100 75.2616 118 57 55 46 73 53.952 54 49 54 63 62.945 51 58 68 72 50.014 70 101 115 119 127 128.027 128 137 143 140.032 140.032 136 142 151.363 159 169.319 178 187 188 191 193 199 202 209.688 210 221 155 68.3729 58 81 67 73.9889 73.9889 74.8265 104 140.997 141 141.108 145 143 140 139 135.284 133 127 123 115 90.0499 96 110 134 101 90 187 212 209 212 210 207 159 186.163 44 80.7421 83 78 84.1423 95 88 87.3865
130 115.626 152 139 116 82 47 75 132 163 174 173 173 177 156 156.489 184 93 61 47 47 45 53.9991 53.9991 92 85.7071 58 65 85 90 46 111 65 62 72 94 112.595 129 136 153 68 109 104 110 80 43 48 70 56 54 53 54 64 54 54 65 71 90 53 62 101 118 125 120 123 138 137 139 141 139 139 145 155 161.925 165 173 180 184 188 191 195 198 204 207 209 225 163 55 69 59 70 68.3366 51 50.5029 155 143.021 150 146 144 144 143 138 137 135 129 132.929 123 125.923 118 134 105 125 204 212 212.499 212 206 194 110 38 80 95 85 86 103 100 88 91
112 133 151 151 143 119.075 49 72.7261 132 163 176 175.874 173.061 176.935 157 156.489 154 108 58.7167 45 54 55 53.9991 54 56 51 71 62 45 53 49 94 74 62 72 94.0199 96 108 143 143.529 118 96 144 91 106 40 51 72 60 55 51 51.119 61.6627 56 54 68 75 109 66 52 105 122 115 122 134 139 137.098 140 140.904 139 143 141.266 156 162 168.681 170 175 177 182 186 191 194.765 202 207 209 211 228 149 62.6517 49 66 72 50 50.5029 154.979 143 150 146 142.164 142 142 141 139 137 133 130 126 122 124 134 118 156 211 212 212.499 213 202 165 71.5397 66 95 90 91 102 114 98 89 98
64 114 146 164 121.022 121 52 72 134 165 177 176 178 178 159 159 136 65 41 44 62.4881 58 61 55 45 52 65.9695 66 45 62 77.0145 47 95 64 73 74 93 111 109.016 120.974 150 115 35.9992 35.9992 149.383 43 38.6515 67 59 53 46.047 51 67.9805 54 47 60 80 122 73.3116 73.3116 99.3433 114 125 127.309 133.052 138 139 139 139 141 143.036 148.952 153 159 161 161.019 173 175 180 183 189 195 199 204 208 211 226.857 227 111 35 59 58 48 138.007 144 145 145.349 146 144 144 143 142 141 138 135 132 127 127 131 138 126 177 217 213 212 211 194 123 71 91 94 103.98 101 105.985 104 93 97 104
38 78.2885 144 161.72 134.986 135 58 62 133.882 165 176 177.012 178 177 147.22 147 142 83 41.2178 44 46 70 50 51 47 61 59.0411 59 57 38 77 47.0312 71 85.5959 87 97 79 91.821 109 121 154 119.983 36 35.9992 163 53 35 64 62 53 46 51 68 55 51 54 89 124 73.3116 73.3116 93 119 131 133 133 137.952 140.817 141 141 141 143 149 153.005 158.922 161 161.019 168 173 178 182 188 193 198 203 210.902 209 225.115 225 202 55 51.0327 51 49 138 140 147 147 145 143 143.558 140 140 139 138 137 134.33 125.14 125 127 144 156 193 216.925 214 211.726 211 175 89 82 92 94 104 111 105 89 95 105 103
34 54.9907 137 171 169 143 48.0287 56 134 165.12 176.717 177 178.323 179 169 136 134.445 81 40 45 55 56 46 50 41 68 107 51 66 36 55.9795 82 79 64 85 108 78.5092 78 101.294 144 152 96 43 89.977 50.9848 51 37 65 71 56.9955 47 53 62 49 52 69.9753 100 110 87 48 96 123.952 130 130.345 138.948 135 138 140 140 142 147 148 149 154 158 158.379 167 172 173.979 181 186 190 198 203 208 211 214 216 232 126 32 40 64.2434 147 143.042 149 147 146.796 144 144 141 137.021 137 136 135 131 125 121 141 177 195 207 215 215.127 211 182.019 140 85 95 96.6462 109.018 114.934 110 92 88 101 103 101
35 55 127 169 172 138 48 55.966 133 165 176.717 177 178 180 169 145 138 78 42 50 57 49 46 53 38 93 111 55.9661 65 51 56 81.9603 75.2952 61 79 102 78.5092 79 95 139 141 126 37 98 33.0126 33 47 72 70.9597 57 49 52 62 48.9721 52.0031 70 101 111 98 51 95.97 124 131 130 136 139 138.441 136 141.644 140 144 145 148 154 156 160 166 170 174 180.907 186.113 189 196 203 207 210 213 215 227 195 47 30 62 149 143 149 146.796 147 146 143 141 137 134 134 131.31 128 122 133 176.751 203 202 211 217 216.868 211 182 107 90 93 99 109 115 101 89 91.5127 104 99 104
30 38.9875 109.933 166.924 172 142 51 52 132 166 178.174 178 179 179.511 167 149 132 48 49 57 48 47.9412 47 40 45 128 77.995 38 50 66.9733 57 48 49 52 67 88 113 58 88 142 142 141.943 145.083 119 154 91 40 73 56.5015 56 54 55.8718 54 54 87.4596 83 114 128 100 56 100 125 133 135 137 137.53 136.676 136 136 136.107 144 145 150.828 151 154 157.957 163 167 174 173.824 184 189 195 201 207 210 212 215 217 229 95 22 76 148 147.496 147.496 146 145 146 143.691 139 138 134 132 128 128 119 157 218.905 215 209.055 214.972 216.877 215 149.66 147 95.0139 91 92 103 114 112 94 90 103 104 102 100
31 39 110 167 174 147 48.0906 48 131 166 178 178.174 180 179.511 168 149 107 51 60 45 44 44.0672 44 43.7194 91 96 78 39 50 67 48 39 56 51 60 67 116 86 90.2245 144 135 135.014 139 158 86 147.691 52 56.5827 56.5015 57 54.1301 56 51 54 68 108 127 126 92 62 104 125 131 136 137.53 138 137 137 139 139 144.456 144.456 149.086 149 154.083 158 161 165 172 172.082 182 186.664 197.312 199 205 207.59 211 213 219.291 231 148 21 78.2709 146 148 147 145 144 143 140 140 139 134 131.957 128 124 119 175 219 214 209 215 217 215.135 184 122 100 95 93 102.931 115 102 91 98 106 101 98 88
34.7146 37 108 165 172 156.026 69 48 125.206 167 176 174 175.114 176.855 165 164.976 115.049 65 47 44 47.0053 47 56 73 50 73 46.0487 46 54 65 46 43 58 51 73 66.3483 58 114 134 136 107 92 132 104.604 86.3973 93 83 66 62 66 55 56 57.5425 57 80 116 125 128 85 79.0554 109 128 133 133.33 139 142 138 136 135 138 140 141 144 148 153 157 159 163 169 173 181 189 193 198 204 207 210 212 213.022 224 195 31 91 147 148 149.872 142 143 141 139 140 139 132.178 132 127 124 140.004 185 218 207 208.313 216 202.008 204 154 118 107 99 99 108 102.959 98 91 101 98.9892 98.9892 90 82
31 34 110.328 163 173 156 72 48 125 166 177 176 175 177 165 164.976 123 59 46 49 47 47.0053 52 55 47 70 50.9481 51 64.9823 53 45.9537 43.1227 53 58 85 50 41 96 130 121 92.5021 72 46 66 74 79 96 105 111 84 54.1723 54 50 67 88.0055 122 126 131 81 74 116 131 133 134 139 141 138 136.148 133 136 138 142 144.107 149 151 155 161.39 161 168 170 186.048 185 191 197 204.146 206 209 212 213 223.976 220 69 96 148 148.13 150 143 143 140.972 138 139 140 132.178 132 126 125 132 191 217 205 206 218 215 187 129 116 108 99.0196 99 108 103 98.0598 92 100.308 99 98.9892 89.9847 82.0473
34 34 86 157 173 158 77 52 125 164 176 176.346 179 180 161.742 152 118 50 52 47 65.8665 46 67.1295 64 46.2371 59 60.0214 52.084 46 57 45.9726 38 51 56 84 59 82 85.1818 108 114 109 133 71 63 65.9774 45 55.1278 57 63 79 61 45 54 81 111.019 123 129 113.006 70 87.1571 124 133 135 139.931 139 141 142 137 135 137 139 138.92 142 146 148 151.778 158.324 161 167 169 174 183 188.006 192.905 200 201.862 207 209 213 211 227 116 98 150 138.043 143.959 143 143 140.06 140 140 140.497 137 132 129 131 131 175 209 202 207 217.975 210 168 119 114 108 95 97 101 95.1605 90 103 103.094 96 90.041 92 96
40 39.9569 76 143.382 172.983 158 89 56 122 163 176 177 177 179 164 154 97.4645 65 52 47.0499 47 66 75 52 44 61 60 52 56 51 61 49 54 53.3822 83.9861 59.0062 61 114 123 122 71 103 126 93 66 45.0012 55 56.8695 56 48 60.9952 44 64 89 111 122 129 113 62 98 127 135 135.032 140 142 141 139 138 135.311 137 137 137.178 142.138 146 148 152 156 159 164 166 172 180 188 193 199 202 207 209 212 211 222 170 114 145 138 144 144.872 145 143.934 144 140.497 141 138 132.086 133 136 157.421 144 166 182 207.021 218 206 155 112 109 100 101.67 101 97.0574 76 104 105 104.836 90 95 97 93
40 33 66 65.9989 167 158 101 63.251 119 161 175 176 176 176.245 167 150 119.727 77 55 41 59 66 49 44 58.9706 65 59 56 65 64.9444 60 48.448 61 75 38 92 69 61 71.9076 120 78 59 124 160 48.0104 46 49.9889 56 50 49 46 46.1333 71 94.9798 117 123.964 128 91 66 112 133 137 140 140 144 144 138 140 138 136 137 137.4 142 144.85 148 150 153 152.227 159 164 171 178 184 191 197 201 206 210 212 212 216 205 143 124 105 118 118.612 135 142 128.361 146 144 141 137 138 146 146 134.079 131 171 217 218 196 139 110 103 91 97 94 77 91 106 98 89 91 96 69.3162 79
37 33 65.9989 65.9989 169 163 103 61 116 159 173 173.086 177 178 161.961 146 122 79 55 43 51 48 46 50 59 64.887 58.9726 56.1416 58 58.0161 53 39 60 74.6125 54 101 59.532 54 38 73 76 61.271 135.305 106 42 53 45 52 41.0277 41 48 47.875 82 110 117 124 92.2977 65 78 128 135 136 139 141 144 144 142 142 137.736 135.994 137.4 138 142 145 148 150 152 154 161 164 175.638 173 181 187.342 193 199 205 209 212 211.998 211.617 221 155 82 80 83 93 105 115 125 132 136 137.041 141 143.934 155 144 132 152.925 187 220 219.118 174.085 123 102 85 89 94.6619 75 81 103 98 94 90 91.0461 95.9456 84 63
35 33 52 139 178 177.509 111.014 111.014 112 157 171 174.943 177 179 161.712 149 113 88 51.3134 44 55 46 44 48.7906 58 59 51 66 63.1359 58.2364 46.0859 49 49 60 77 103 130 97 102 62 66 93 84 71 47 45 41.0777 46 44 41 78.4139 74 99 120 116 125 91 52 104 133 134 134.219 140 143 144 141 142 141 140 137 135.525 135 138.081 143 145 148 151 154 162.895 163 168 170 177 187 191 198 206.451 207 211 213 213 227 166 122.833 94.9981 94.9981 88.9634 83.047 82 87 93 102 102.318 127 136.821 158 144 136 149 204 222 203 151 105 81 76 94 85 75 100 100 94 92 96 103 88.9761 73 55
38 32 48 138 177 177.509 111.014 111.014 109 157 170 175 176 179 174 140 102 102.998 55 47 45 40 58 62 50 60 50.9943 65 63 58 46 48.9169 55 50 42 77 116 116.16 102 62.0128 106 71 67.7583 50 54 45 46 41 41.0758 44 62 86 110 118 121 112 76.6939 73 125 114.83 135 136 139 140 143.821 141 143 141 139 139 136 135.525 138 142.981 143 145.572 150 151 159.021 159 165 168 175 183 189 195.716 206.451 206 209 211 213 222 195 83 94.9981 95 89 83 74 66 62 74.2226 60 78 108 137 178 165 166 212 209.065 183 119 75 60 80 83 78 97 105 90 92 90 100 102.94 89 70.7465 53
56 56.0041 64 129.995 182.074 182 141 67 110 110.004 171 175 175 181 176.05 131 106 81 43.3045 48 60.1541 54.2378 54 54 50 55 55 65 62.4773 57 55 44 52.6789 55 51 46 80 137 139 103 95 107.997 41 51 44 47 45 44.2341 40 61.7006 75 100 114 117 55.6248 62 48 110 132 136 137 137 139 139 139 143 143.052 143 141 139 137 136 138 138 141 144 148 151 154.119 157 160 165.028 175 180 186 194 199 205 206.982 206.982 213 212.529 218 111 91 106 102 97 88 77 64 49 42 37 65 167 199.341 166 179 215 212 155 59.0406 59 70 83 71 90 109 97 87 83.235 107.929 105 99 87.0733 58 52
89 88 64.0024 130 184.905 185 125.468 80 110.004 110.004 172 177 176 183 176 131.061 101.022 85 41 50 60 54 44 52 51 52 61.3485 60 65 59 46 45 46 48 68 54 130.405 85 134 134 95.0354 108 52 46 44.6552 42 39 40 45 68 86 110 119 124 72 42 91 130 132 135 139.887 140 139 140 139.249 142 143 143.052 143 140 139 138 137 140 138 141.774 145 148 154 156.949 159 165 170 176 185 193.941 198 203 207 206.982 212.529 212 225 120.412 82 108 108 104 87.9811 77.0266 79 69.5412 49 35 66 187 203 163 192 214 181 89 64.957 65 76 70 81 106 108.961 97.0025 80 83 101 113 93 79 65 58
89 106.98 107 140 174 184 159 90 107 154 173 178 178 183 178 124 111 67.9981 45 48 47 47 47 54 53 49 61.0122 61 64.979 62 77.9928 43 56 80.6744 59 69.7456 65 67 101.766 106 122 69 45 47 46 43 38 44 59 79 122.984 123 115 64 39 86 123 128 131 135 139.714 140 141.027 139 139 140 144 141 144 141 142 138 140.842 141 140 140 142.1 145.974 150 153 159 164 165 173 173.997 173.997 195 201 205 205.376 212 210 220 214.021 93.7022 100 109 107 99 94 87 77 65 53 73 167 204 194 192 173 49.0249 49 56 71 66 77 101 103 83 82.9778 79 98.5802 111 97.0038 89 79 63 66
89.0081 107 116 127.767 172 181.634 156 95 107 153 172 175 179 182.735 178.255 124.264 110.987 68 42 51 54.0738 54 51 55 55 43 80.9871 81 58 70 78 43.0071 54 83 57 72 63 73 101 105 68 75 41 47 45 39 39 53 79 95 78.9949 79 47 54 95 116 124 129 132 135 137 138 139 141 140 142 143 143 144 141.195 142 142 140.842 141 140.248 140.248 142 146 150.03 152 161.592 161 166 169 174 173.997 190 197 203 207 211 211 216 209 97 90 104 105 101 97 97 86 66.602 83 90 143.701 216 200 143 90 59 58 58.284 69 74 69.6908 107 90 73 73.0279 86 108 111 97 89 67 67 67
58 95 100.225 122 165.061 180 158 99 106 150 171 178 180 182 179 129 92 60 41 41.0487 53 57 53 53 64 44 59.9813 85 63 71 117.986 87.0025 49 75 44 84 90.6871 58 94 118.992 77 90.6379 44 44 45 45 44 53 63 56 51 57 84 88.9911 126.905 124 125 130 132 135 137 137 140 139 139 143 142 145 146 146 145 143 141.689 139 140 141.713 141 145 147 150 155 159 164 170 175.004 175.004 187 194 200 205 207.031 211.93 212 220 126 80 100 93.7666 105 101 101 94 100 101 97 155 192 143 83 73 70 76 72.0173 91.9923 99 99.0223 66.0238 77 65 75 101 116.99 109 98 75 62 70 61
49 69 88 113 160 176 159 110 108.319 148 171.035 177.963 181 183 159.581 143 69 49 46 45.9482 49 61 57 58 70 45 55 81 54 68 118 87 39 88 64 50 97 63 94.0124 119 110 63 43.8486 43.8486 46 45.3599 48.9875 49 57 72 88 107 118 122 124 127 128 128 130 133 134 137 137 137 141.289 141 142.132 144 145.852 145.852 145 143 144 141 139.972 142 142 143 147 151 155.111 158 162 168 175 175.004 187 191 197 203 207 212 211 223 160 74 93 99 105 109 104 104 113 113 109 117 121 90 81 86 88 79.9552 72 92 107 106.96 76 66 65 94 101.021 117 110 92 74.9861 62 61 69.9742
56 61 57.9879 98 158 186 172 120 109 147 172.258 179 181 184 177 122 63 58 48 51 47 61 59 57 75 69.9876 51 85 42 63 98 109 40 76.5777 107 33 78 86 68 112 90 65 42 40.1314 43 45 55 78 95 109 112 117 123 124 126 128 129 128 128 128.136 136 135.882 135 139 141 141 142 142 145 145 146.212 146 145 146 143 142 146.636 146 148 148 152 155 160 165 169 177 182 187 193 198 204 211 209 218 190 78 87 98 105 106.767 111 110.996 118.928 116 114 114.127 100 99.9131 101 105 92 79 85 99 72.3734 76 76 76.4918 78 109 120 114 101 78 61 58 55 51
54 57 58 97.9754 177 206 201 159.842 110 148 172 179.186 181 185 174 105 58 54 53 47 52 59 56 58 65 61 52 102 40 73 104.611 114 86 47 102 54 49 101 60 81 99 61 40 42 53.8553 56 77 98 108 116 112.17 117.07 124 123.36 126.158 127 128 131 131 130.967 134 134.14 138 137 138 140 140 141 144.521 144 146.212 147 146 148 146 146 147 147 149 150 152.329 155 161 166 169 176 182.004 186.903 191 198 203 207 208 212 165.325 96 78 98 105.026 107 110.996 110.996 119 116 114.127 114.127 106 107 101.095 104.969 93 90 99 93 74 70 76.4918 77 94.4015 121 114.095 106 87 65 56 57 52 61
50 54 52 90 188 202 201 165 112 147 171 178.746 178 182 172 124 58.7268 47 48.052 53.9684 62.3185 58 63 75 60 62 96.3916 97 43 75.7012 88 85 117 39 90 78 51 80 71 60 97.5634 107 72 33 53 75 92 104 110 116 120 123.799 123 127 126 127 130 131 131 131.221 135.428 136 136 135 140 140 140 141 145.563 146 146 146.074 147 146.441 150 148 147.138 147 152.819 153 153 155 162 165 166 173 177 185 189 196 201 205 208 207.999 220 129 70 95 98 104 115 118 123 122 116 115 125.895 126 108.112 105 94 98 89 83 84 80 78 98 123 127 112 92 68 52 51 58 70 89
48 53 49 77 183 195.688 198 168.645 113 149 170 179 179 183 171 123.932 61 45 48 54 55 66 67 69.9571 66 63.6434 109 80 48 82 83 62 102 83 94 82 40 69 71 59.9982 71 78 103 67 73 87 94 106 113 118 121 124 125 125.342 126.158 128 128 130 132 131 133 138 136 134 139.861 139 140.93 141 145 145 144 144 147 146 150 149 149.968 150 150 151 156 156 160 162.437 165 172.94 174 181.349 189 194 198 202 207.999 208 219 165 88 79.3483 91 101 109 112.709 132 127 122 123 134 135 119 97 89 80 85.3326 87 91 83 88 114 123.799 126 96.3933 69 53 68.0319 51 67 93 103
